0 24.4151
1 27.8592
2 30.8865
3 33.6098
4 36.098
5 38.3967
6 40.5383
7 42.5464
8 44.4393
9 46.2309
10 47.9328
11 49.554
12 51.1024
13 52.5843
14 54.0053
15 55.3699
16 56.6824
17 57.9461
18 59.1643
19 60.3397
20 61.4747
21 62.5716
22 63.6324
23 64.6587
24 65.6522
25 66.6145
26 67.5468
27 68.4503
28 69.3262
29 70.1754
30 70.9991
31 71.798
32 72.573
33 73.3248
34 74.0541
35 74.7616
36 75.4479
37 76.1135
38 76.7591
39 77.3851
40 77.9919
41 78.5801
42 79.1501
43 79.7021
44 80.2367
45 80.7541
46 81.2547
47 81.7388
48 82.2067
49 82.6586
50 83.0948
51 83.5156
52 83.9212
53 84.3118
54 84.6876
55 85.0489
56 85.3957
57 85.7283
58 86.0468
59 86.3515
60 86.6424
61 86.9196
62 87.1834
63 87.4338
64 87.671
65 87.895
66 88.1059
67 88.304
68 88.4891
69 88.6615
70 88.8211
71 88.9681
72 89.1025
73 89.2244
74 89.3339
75 89.4309
76 89.5155
77 89.5878
78 89.6478
79 89.6954
80 89.7308
81 89.7539
82 89.7648
83 89.7634
84 89.7498
85 89.7239
86 89.6858
87 89.6354
88 89.5726
89 89.4976
90 89.4102
91 89.3104
92 89.1982
93 89.0734
94 88.9362
95 88.7864
96 88.6239
97 88.4486
98 88.2606
99 88.0597
100 87.8458
101 87.6189
102 87.3787
103 87.1253
104 86.8586
105 86.5782
106 86.2843
107 85.9765
108 85.6548
109 85.3191
110 84.969
111 84.6045
112 84.2254
113 83.8315
114 83.4225
115 82.9982
116 82.5585
117 82.103
118 81.6315
119 81.1438
120 80.6394
121 80.1182
122 79.5797
123 79.0237
124 78.4497
125 77.8573
126 77.2462
127 76.6158
128 75.9658
129 75.2956
130 74.6046
131 73.8922
132 73.1579
133 72.401
134 71.6207
135 70.8163
136 69.987
137 69.1318
138 68.2498
139 67.34
140 66.4011
141 65.4319
142 64.4311
143 63.3972
144 62.3285
145 61.2232
146 60.0793
147 58.8945
148 57.6664
149 56.392
150 55.0682
151 53.6913
152 52.2571
153 50.7607
154 49.1966
155 47.5579
156 45.8368
157 44.0235
158 42.1061
159 40.0697
160 37.8952
161 35.5571
162 33.0207
163 30.2363
164 27.1275