0 23.5136
1 26.8387
2 29.7616
3 32.3913
4 34.7944
5 37.015
6 39.0842
7 41.0249
8 42.8547
9 44.5872
10 46.2332
11 47.8018
12 49.3004
13 50.735
14 52.1111
15 53.4331
16 54.705
17 55.9302
18 57.1117
19 58.2521
20 59.3538
21 60.419
22 61.4495
23 62.447
24 63.4132
25 64.3493
26 65.2568
27 66.1368
28 66.9903
29 67.8184
30 68.622
31 69.402
32 70.1591
33 70.894
34 71.6075
35 72.3002
36 72.9726
37 73.6254
38 74.259
39 74.874
40 75.4707
41 76.0497
42 76.6113
43 77.1559
44 77.6838
45 78.1955
46 78.6911
47 79.1711
48 79.6357
49 80.0851
50 80.5197
51 80.9396
52 81.3451
53 81.7364
54 82.1137
55 82.4772
56 82.8271
57 83.1635
58 83.4867
59 83.7967
60 84.0937
61 84.3779
62 84.6493
63 84.9082
64 85.1545
65 85.3885
66 85.6102
67 85.8197
68 86.0172
69 86.2026
70 86.3761
71 86.5377
72 86.6876
73 86.8257
74 86.9521
75 87.0669
76 87.1701
77 87.2618
78 87.342
79 87.4107
80 87.468
81 87.5138
82 87.5483
83 87.5713
84 87.583
85 87.5833
86 87.5722
87 87.5497
88 87.5159
89 87.4706
90 87.414
91 87.3459
92 87.2663
93 87.1752
94 87.0726
95 86.9584
96 86.8326
97 86.6951
98 86.5458
99 86.3848
100 86.212
101 86.0272
102 85.8304
103 85.6215
104 85.4004
105 85.1671
106 84.9214
107 84.6632
108 84.3924
109 84.1089
110 83.8126
111 83.5032
112 83.1808
113 82.845
114 82.4959
115 82.1331
116 81.7565
117 81.3659
118 80.9612
119 80.542
120 80.1082
121 79.6596
122 79.1958
123 78.7166
124 78.2218
125 77.711
126 77.1839
127 76.6402
128 76.0795
129 75.5014
130 74.9056
131 74.2916
132 73.659
133 73.0072
134 72.3358
135 71.6442
136 70.9318
137 70.198
138 69.4421
139 68.6634
140 67.861
141 67.0342
142 66.1821
143 65.3035
144 64.3975
145 63.4629
146 62.4983
147 61.5024
148 60.4737
149 59.4104
150 58.3106
151 57.1723
152 55.9931
153 54.7702
154 53.5009
155 52.1816
156 50.8084
157 49.3769
158 47.8819
159 46.3171
160 44.6753
161 42.9476
162 41.1233
163 39.1887
164 37.1267
165 34.9147
166 32.5222
167 29.9057