0 19.5211
1 22.1491
2 24.4738
3 26.5749
4 28.5019
5 30.2881
6 31.957
7 33.5262
8 35.0091
9 36.4163
10 37.7562
11 39.0357
12 40.2606
13 41.4357
14 42.5653
15 43.6527
16 44.7011
17 45.7132
18 46.6912
19 47.6374
20 48.5536
21 49.4415
22 50.3025
23 51.138
24 51.9492
25 52.7373
26 53.5033
27 54.2481
28 54.9725
29 55.6775
30 56.3636
31 57.0316
32 57.6822
33 58.3158
34 58.9331
35 59.5345
36 60.1206
37 60.6917
38 61.2484
39 61.7909
40 62.3196
41 62.835
42 63.3372
43 63.8268
44 64.3038
45 64.7686
46 65.2215
47 65.6627
48 66.0925
49 66.511
50 66.9185
51 67.3152
52 67.7012
53 68.0768
54 68.4421
55 68.7973
56 69.1425
57 69.4779
58 69.8036
59 70.1199
60 70.4266
61 70.7242
62 71.0125
63 71.2918
64 71.5621
65 71.8236
66 72.0763
67 72.3204
68 72.5559
69 72.7829
70 73.0015
71 73.2117
72 73.4137
73 73.6075
74 73.7931
75 73.9707
76 74.1403
77 74.3019
78 74.4556
79 74.6014
80 74.7395
81 74.8697
82 74.9923
83 75.1071
84 75.2143
85 75.3139
86 75.4059
87 75.4903
88 75.5671
89 75.6365
90 75.6983
91 75.7527
92 75.7996
93 75.8391
94 75.8712
95 75.8958
96 75.913
97 75.9227
98 75.9251
99 75.9201
100 75.9076
101 75.8877
102 75.8604
103 75.8257
104 75.7836
105 75.7339
106 75.6769
107 75.6123
108 75.5402
109 75.4606
110 75.3735
111 75.2788
112 75.1765
113 75.0665
114 74.9489
115 74.8236
116 74.6905
117 74.5497
118 74.401
119 74.2444
120 74.0799
121 73.9075
122 73.727
123 73.5384
124 73.3417
125 73.1367
126 72.9235
127 72.7018
128 72.4718
129 72.2332
130 71.986
131 71.7301
132 71.4655
133 71.1919
134 70.9094
135 70.6177
136 70.3169
137 70.0067
138 69.6871
139 69.3579
140 69.0189
141 68.6701
142 68.3113
143 67.9423
144 67.563
145 67.1731
146 66.7726
147 66.3611
148 65.9386
149 65.5047
150 65.0593
151 64.6021
152 64.1329
153 63.6514
154 63.1573
155 62.6503
156 62.1302
157 61.5965
158 61.0489
159 60.4871
160 59.9106
161 59.3191
162 58.712
163 58.0888
164 57.4492
165 56.7924
166 56.1179
167 55.425
168 54.7131
169 53.9814
170 53.229
171 52.4552
172 51.6589
173 50.839
174 49.9944
175 49.1239
176 48.226
177 47.2992
178 46.3417
179 45.3516
180 44.3267
181 43.2645
182 42.1623
183 41.0167
184 39.8241
185 38.58
186 37.2794
187 35.9161
188 34.4827
189 32.9699
190 31.3664
191 29.6574
192 27.8235
193 25.8381
194 23.6631