28 45.3051
29 45.8962
30 46.473
31 47.0358
32 47.5853
33 48.1218
34 48.6459
35 49.1579
36 49.6581
37 50.1469
38 50.6248
39 51.0918
40 51.5485
41 51.9949
42 52.4315
43 52.8584
44 53.2758
45 53.6841
46 54.0833
47 54.4738
48 54.8556
49 55.229
50 55.5942
51 55.9512
52 56.3002
53 56.6415
54 56.9751
55 57.3012
56 57.6199
57 57.9313
58 58.2355
59 58.5327
60 58.8229
61 59.1063
62 59.3829
63 59.6529
64 59.9164
65 60.1733
66 60.4239
67 60.6681
68 60.9062
69 61.138
70 61.3638
71 61.5835
72 61.7973
73 62.0052
74 62.2072
75 62.4034
76 62.5939
77 62.7788
78 62.958
79 63.1316
80 63.2997
81 63.4623
82 63.6195
83 63.7712
84 63.9176
85 64.0586
86 64.1944
87 64.3248
88 64.4501
89 64.5701
90 64.685
91 64.7947
92 64.8993
93 64.9988
94 65.0933
95 65.1827
96 65.267
97 65.3464
98 65.4207
99 65.4901
100 65.5546
101 65.6141
102 65.6686
103 65.7183
104 65.763
105 65.8028
106 65.8378
107 65.8678
108 65.893
109 65.9134
110 65.9288
111 65.9394
112 65.9452
113 65.9461
114 65.9421
115 65.9333
116 65.9196
117 65.9011
118 65.8777
119 65.8494
120 65.8163
121 65.7782
122 65.7353
123 65.6875
124 65.6347
125 65.577
126 65.5144
127 65.4469
128 65.3743
129 65.2968
130 65.2143
131 65.1268
132 65.0342
133 64.9365
134 64.8338
135 64.726
136 64.613
137 64.4949
138 64.3715
139 64.243
140 64.1092
141 63.9701
142 63.8257
143 63.6759
144 63.5208
145 63.3602
146 63.1941
147 63.0226
148 62.8454
149 62.6627
150 62.4742
151 62.2801
152 62.0802
153 61.8745
154 61.6629
155 61.4454
156 61.2218
157 60.9922
158 60.7565
159 60.5145
160 60.2663
161 60.0117
162 59.7507
163 59.4831
164 59.2089
165 58.928
166 58.6403
167 58.3457
168 58.0441
169 57.7353
170 57.4194
171 57.096
172 56.7652
173 56.4268
174 56.0806
175 55.7265
176 55.3644
177 54.9941
178 54.6154
179 54.2281
180 53.8321
181 53.4272
182 53.0132
183 52.5898
184 52.1568
185 51.714
186 51.2611
187 50.7979
188 50.3241
189 49.8394
190 49.3434
191 48.8358
192 48.3162
193 47.7843
194 47.2396
195 46.6818
196 46.1102
197 45.5244
198 44.9239
199 44.3079
200 43.676
201 43.0274
202 42.3613
203 41.6768
204 40.9731
205 40.2491
206 39.5038
207 38.7359
208 37.944
209 37.1266
210 36.282
211 35.4081
212 34.5029
213 33.5638
214 32.5878
215 31.5715
216 30.5108
217 29.4011
218 28.2365
219 27.0098
220 25.7123
221 24.3326
222 22.8558
223 21.2617
224 19.5215
225 17.592