24 43.3994
25 44.0664
26 44.7159
27 45.3487
28 45.9655
29 46.5669
30 47.1536
31 47.726
32 48.2847
33 48.8301
34 49.3628
35 49.883
36 50.3912
37 50.8877
38 51.3729
39 51.8471
40 52.3106
41 52.7637
42 53.2066
43 53.6396
44 54.0629
45 54.4768
46 54.8815
47 55.2771
48 55.6639
49 56.042
50 56.4117
51 56.7731
52 57.1263
53 57.4715
54 57.8088
55 58.1384
56 58.4604
57 58.775
58 59.0822
59 59.3821
60 59.675
61 59.9608
62 60.2397
63 60.5118
64 60.7771
65 61.0358
66 61.2879
67 61.5336
68 61.7728
69 62.0057
70 62.2324
71 62.4529
72 62.6672
73 62.8755
74 63.0777
75 63.2741
76 63.4645
77 63.6491
78 63.8279
79 64.001
80 64.1684
81 64.3301
82 64.4862
83 64.6368
84 64.7818
85 64.9214
86 65.0555
87 65.1842
88 65.3075
89 65.4254
90 65.538
91 65.6453
92 65.7474
93 65.8441
94 65.9357
95 66.022
96 66.1032
97 66.1792
98 66.2501
99 66.3158
100 66.3764
101 66.4319
102 66.4823
103 66.5276
104 66.5679
105 66.6031
106 66.6333
107 66.6584
108 66.6785
109 66.6935
110 66.7035
111 66.7085
112 66.7085
113 66.7034
114 66.6933
115 66.6782
116 66.6581
117 66.6329
118 66.6026
119 66.5673
120 66.527
121 66.4816
122 66.4311
123 66.3755
124 66.3148
125 66.249
126 66.1781
127 66.102
128 66.0208
129 65.9343
130 65.8427
131 65.7458
132 65.6437
133 65.5363
134 65.4237
135 65.3056
136 65.1823
137 65.0535
138 64.9193
139 64.7797
140 64.6346
141 64.4839
142 64.3277
143 64.1659
144 63.9984
145 63.8252
146 63.6463
147 63.4617
148 63.2711
149 63.0747
150 62.8724
151 62.664
152 62.4496
153 62.229
154 62.0023
155 61.7693
156 61.5299
157 61.2842
158 61.0319
159 60.7731
160 60.5077
161 60.2355
162 59.9565
163 59.6706
164 59.3777
165 59.0776
166 58.7703
167 58.4556
168 58.1335
169 57.8037
170 57.4663
171 57.121
172 56.7677
173 56.4062
174 56.0364
175 55.6581
176 55.2712
177 54.8754
178 54.4706
179 54.0566
180 53.6331
181 53.2
182 52.7569
183 52.3037
184 51.84
185 51.3657
186 50.8803
187 50.3836
188 49.8752
189 49.3548
190 48.822
191 48.2764
192 47.7175
193 47.1448
194 46.5579
195 45.9563
196 45.3392
197 44.7062
198 44.0564
199 43.3892
200 42.7037
201 41.999
202 41.2742
203 40.5282
204 39.7598
205 38.9675
206 38.1501
207 37.3058
208 36.4327
209 35.5287
210 34.5915
211 33.6181
212 32.6054
213 31.5497
214 30.4463
215 29.29
216 28.0742
217 26.7907
218 25.4294
219 23.9771
220 22.4159
221 20.7214
222 18.8576