21 41.846
22 42.5889
23 43.311
24 44.0132
25 44.6964
26 45.3616
27 46.0095
28 46.6408
29 47.2563
30 47.8564
31 48.4418
32 49.013
33 49.5705
34 50.1147
35 50.6462
36 51.1652
37 51.6721
38 52.1674
39 52.6513
40 53.1241
41 53.5862
42 54.0378
43 54.4792
44 54.9106
45 55.3322
46 55.7443
47 56.1471
48 56.5408
49 56.9256
50 57.3016
51 57.669
52 58.028
53 58.3788
54 58.7214
55 59.0561
56 59.3829
57 59.7021
58 60.0136
59 60.3177
60 60.6145
61 60.904
62 61.1863
63 61.4616
64 61.73
65 61.9915
66 62.2462
67 62.4943
68 62.7357
69 62.9706
70 63.199
71 63.421
72 63.6368
73 63.8462
74 64.0495
75 64.2466
76 64.4376
77 64.6226
78 64.8016
79 64.9747
80 65.1419
81 65.3033
82 65.4588
83 65.6087
84 65.7528
85 65.8912
86 66.024
87 66.1512
88 66.2728
89 66.3889
90 66.4994
91 66.6045
92 66.7041
93 66.7982
94 66.887
95 66.9704
96 67.0484
97 67.121
98 67.1883
99 67.2503
100 67.307
101 67.3584
102 67.4045
103 67.4453
104 67.4809
105 67.5112
106 67.5363
107 67.5561
108 67.5708
109 67.5801
110 67.5843
111 67.5832
112 67.5769
113 67.5654
114 67.5487
115 67.5267
116 67.4994
117 67.467
118 67.4292
119 67.3862
120 67.338
121 67.2844
122 67.2256
123 67.1614
124 67.0919
125 67.0171
126 66.9369
127 66.8513
128 66.7604
129 66.664
130 66.5621
131 66.4548
132 66.342
133 66.2237
134 66.0998
135 65.9703
136 65.8352
137 65.6945
138 65.548
139 65.3959
140 65.2379
141 65.0742
142 64.9046
143 64.7291
144 64.5476
145 64.3601
146 64.1666
147 63.967
148 63.7612
149 63.5492
150 63.3309
151 63.1063
152 62.8752
153 62.6377
154 62.3935
155 62.1428
156 61.8853
157 61.621
158 61.3498
159 61.0716
160 60.7864
161 60.4939
162 60.1942
163 59.887
164 59.5724
165 59.2501
166 58.9201
167 58.5821
168 58.2362
169 57.8821
170 57.5196
171 57.1487
172 56.7691
173 56.3808
174 55.9834
175 55.5768
176 55.1608
177 54.7352
178 54.2998
179 53.8542
180 53.3984
181 52.9319
182 52.4546
183 51.9661
184 51.4661
185 50.9542
186 50.4302
187 49.8936
188 49.344
189 48.7809
190 48.2039
191 47.6126
192 47.0063
193 46.3844
194 45.7464
195 45.0915
196 44.419
197 43.7281
198 43.0179
199 42.2874
200 41.5356
201 40.7612
202 39.963
203 39.1396
204 38.2891
205 37.41
206 36.4999
207 35.5567
208 34.5776
209 33.5593
210 32.4984
211 31.3903
212 30.23
213 29.0112
214 27.7261
215 26.3651
216 24.9158
217 23.3616
218 21.6801
219 19.839
220 17.7886