18 40.0361
19 40.8632
20 41.665
21 42.443
22 43.1984
23 43.9325
24 44.6462
25 45.3405
26 46.0164
27 46.6745
28 47.3157
29 47.9407
30 48.55
31 49.1442
32 49.7239
33 50.2896
34 50.8417
35 51.3808
36 51.9071
37 52.4211
38 52.9231
39 53.4135
40 53.8926
41 54.3607
42 54.818
43 55.2649
44 55.7016
45 56.1283
46 56.5452
47 56.9527
48 57.3508
49 57.7397
50 58.1197
51 58.491
52 58.8536
53 59.2078
54 59.5536
55 59.8913
56 60.221
57 60.5428
58 60.8568
59 61.1632
60 61.462
61 61.7535
62 62.0376
63 62.3145
64 62.5842
65 62.847
66 63.1028
67 63.3517
68 63.5938
69 63.8293
70 64.0581
71 64.2804
72 64.4962
73 64.7055
74 64.9085
75 65.1052
76 65.2957
77 65.48
78 65.6581
79 65.8301
80 65.9961
81 66.1561
82 66.3102
83 66.4583
84 66.6006
85 66.737
86 66.8677
87 66.9925
88 67.1117
89 67.2251
90 67.3329
91 67.435
92 67.5315
93 67.6224
94 67.7078
95 67.7875
96 67.8618
97 67.9305
98 67.9938
99 68.0515
100 68.1038
101 68.1506
102 68.192
103 68.228
104 68.2585
105 68.2836
106 68.3033
107 68.3176
108 68.3265
109 68.33
110 68.3281
111 68.3208
112 68.308
113 68.2899
114 68.2664
115 68.2374
116 68.203
117 68.1632
118 68.1179
119 68.0672
120 68.0111
121 67.9494
122 67.8823
123 67.8096
124 67.7314
125 67.6477
126 67.5584
127 67.4635
128 67.3631
129 67.2569
130 67.1451
131 67.0276
132 66.9044
133 66.7755
134 66.6407
135 66.5001
136 66.3537
137 66.2014
138 66.0431
139 65.8788
140 65.7086
141 65.5322
142 65.3497
143 65.1611
144 64.9662
145 64.765
146 64.5575
147 64.3436
148 64.1232
149 63.8963
150 63.6627
151 63.4225
152 63.1756
153 62.9218
154 62.6611
155 62.3933
156 62.1185
157 61.8365
158 61.5472
159 61.2505
160 60.9464
161 60.6346
162 60.315
163 59.9877
164 59.6523
165 59.3088
166 58.9571
167 58.5969
168 58.2282
169 57.8507
170 57.4644
171 57.069
172 56.6643
173 56.2501
174 55.8262
175 55.3925
176 54.9486
177 54.4943
178 54.0293
179 53.5534
180 53.0664
181 52.5677
182 52.0572
183 51.5345
184 50.9992
185 50.4509
186 49.8892
187 49.3136
188 48.7237
189 48.1188
190 47.4985
191 46.862
192 46.2089
193 45.5382
194 44.8493
195 44.1413
196 43.4132
197 42.6641
198 41.8928
199 41.098
200 40.2784
201 39.4324
202 38.5583
203 37.6541
204 36.7176
205 35.7463
206 34.7371
207 33.6869
208 32.5914
209 31.4462
210 30.2454
211 28.9822
212 27.648
213 26.232
214 24.7202
215 23.0937
216 21.3263
217 19.3795