13 36.8717
14 37.8428
15 38.7796
16 39.6844
17 40.5596
18 41.4068
19 42.2279
20 43.0243
21 43.7974
22 44.5484
23 45.2783
24 45.9882
25 46.679
26 47.3516
27 48.0066
28 48.6449
29 49.267
30 49.8735
31 50.4651
32 51.0423
33 51.6054
34 52.1551
35 52.6916
36 53.2155
37 53.727
38 54.2265
39 54.7144
40 55.1909
41 55.6564
42 56.1112
43 56.5554
44 56.9893
45 57.4132
46 57.8273
47 58.2317
48 58.6268
49 59.0126
50 59.3894
51 59.7574
52 60.1166
53 60.4673
54 60.8096
55 61.1436
56 61.4695
57 61.7874
58 62.0974
59 62.3996
60 62.6942
61 62.9813
62 63.2609
63 63.5332
64 63.7983
65 64.0562
66 64.307
67 64.5509
68 64.7878
69 65.0179
70 65.2413
71 65.4579
72 65.668
73 65.8714
74 66.0684
75 66.259
76 66.4431
77 66.6209
78 66.7925
79 66.9578
80 67.1169
81 67.2698
82 67.4167
83 67.5575
84 67.6923
85 67.8211
86 67.9439
87 68.0608
88 68.1718
89 68.277
90 68.3763
91 68.4698
92 68.5575
93 68.6395
94 68.7157
95 68.7862
96 68.851
97 68.9101
98 68.9635
99 69.0112
100 69.0533
101 69.0898
102 69.1206
103 69.1458
104 69.1654
105 69.1793
106 69.1877
107 69.1904
108 69.1875
109 69.1791
110 69.165
111 69.1453
112 69.12
113 69.089
114 69.0524
115 69.0102
116 68.9624
117 68.9088
118 68.8496
119 68.7847
120 68.7141
121 68.6378
122 68.5557
123 68.4678
124 68.3742
125 68.2747
126 68.1695
127 68.0583
128 67.9413
129 67.8183
130 67.6894
131 67.5545
132 67.4135
133 67.2665
134 67.1134
135 66.9542
136 66.7888
137 66.6171
138 66.4391
139 66.2548
140 66.0642
141 65.867
142 65.6634
143 65.4532
144 65.2364
145 65.0129
146 64.7827
147 64.5456
148 64.3016
149 64.0506
150 63.7926
151 63.5273
152 63.2549
153 62.9751
154 62.6878
155 62.3931
156 62.0906
157 61.7805
158 61.4624
159 61.1363
160 60.8021
161 60.4597
162 60.1088
163 59.7494
164 59.3813
165 59.0043
166 58.6182
167 58.223
168 57.8183
169 57.404
170 56.9799
171 56.5457
172 56.1013
173 55.6463
174 55.1806
175 54.7038
176 54.2157
177 53.7159
178 53.2041
179 52.68
180 52.1431
181 51.5932
182 51.0297
183 50.4523
184 49.8604
185 49.2535
186 48.631
187 47.9924
188 47.337
189 46.6641
190 45.9729
191 45.2625
192 44.5321
193 43.7807
194 43.0071
195 42.2102
196 41.3885
197 40.5407
198 39.6649
199 38.7594
200 37.8219
201 36.85
202 35.841
203 34.7916
204 33.6981
205 32.5559
206 31.3598
207 30.1034
208 28.7787
209 27.3758
210 25.8821
211 24.2807
212 22.5487
213 20.6534
214 18.5447