10 34.0498
11 35.1751
12 36.2542
13 37.2912
14 38.2894
15 39.2518
16 40.1811
17 41.0794
18 41.9487
19 42.7908
20 43.6073
21 44.3996
22 45.1689
23 45.9165
24 46.6433
25 47.3504
26 48.0386
27 48.7086
28 49.3613
29 49.9973
30 50.6172
31 51.2217
32 51.8112
33 52.3863
34 52.9474
35 53.495
36 54.0295
37 54.5513
38 55.0607
39 55.5581
40 56.0438
41 56.5181
42 56.9813
43 57.4336
44 57.8753
45 58.3067
46 58.728
47 59.1393
48 59.541
49 59.9331
50 60.3159
51 60.6896
52 61.0543
53 61.4102
54 61.7574
55 62.0961
56 62.4264
57 62.7485
58 63.0624
59 63.3684
60 63.6664
61 63.9567
62 64.2393
63 64.5144
64 64.782
65 65.0422
66 65.2951
67 65.5407
68 65.7793
69 66.0108
70 66.2354
71 66.453
72 66.6638
73 66.8678
74 67.0651
75 67.2558
76 67.4398
77 67.6173
78 67.7884
79 67.9529
80 68.1111
81 68.263
82 68.4085
83 68.5478
84 68.6808
85 68.8076
86 68.9283
87 69.0429
88 69.1513
89 69.2537
90 69.3501
91 69.4404
92 69.5247
93 69.6031
94 69.6755
95 69.742
96 69.8026
97 69.8572
98 69.906
99 69.9489
100 69.986
101 70.0172
102 70.0425
103 70.062
104 70.0757
105 70.0835
106 70.0856
107 70.0817
108 70.0721
109 70.0566
110 70.0353
111 70.0081
112 69.9751
113 69.9363
114 69.8916
115 69.841
116 69.7845
117 69.7221
118 69.6537
119 69.5795
120 69.4993
121 69.4131
122 69.3209
123 69.2227
124 69.1184
125 69.0081
126 68.8916
127 68.769
128 68.6403
129 68.5053
130 68.3641
131 68.2167
132 68.0629
133 67.9027
134 67.7361
135 67.5631
136 67.3835
137 67.1975
138 67.0047
139 66.8054
140 66.5993
141 66.3864
142 66.1666
143 65.9399
144 65.7062
145 65.4655
146 65.2175
147 64.9624
148 64.6999
149 64.4301
150 64.1527
151 63.8677
152 63.575
153 63.2745
154 62.9661
155 62.6497
156 62.3251
157 61.9922
158 61.6509
159 61.301
160 60.9424
161 60.5749
162 60.1984
163 59.8127
164 59.4177
165 59.013
166 58.5986
167 58.1743
168 57.7397
169 57.2947
170 56.8391
171 56.3725
172 55.8947
173 55.4054
174 54.9043
175 54.3911
176 53.8654
177 53.3269
178 52.7752
179 52.2098
180 51.6303
181 51.0362
182 50.427
183 49.8022
184 49.1611
185 48.5031
186 47.8275
187 47.1336
188 46.4205
189 45.6874
190 44.9332
191 44.1569
192 43.3572
193 42.5329
194 41.6826
195 40.8045
196 39.8968
197 38.9576
198 37.9844
199 36.9745
200 35.9249
201 34.8319
202 33.6915
203 32.4984
204 31.2468
205 29.9293
206 28.5367
207 27.0575
208 25.4766
209 23.7737
210 21.9204
211 19.8746