7 30.5221
8 31.8642
9 33.139
10 34.3541
11 35.5155
12 36.6283
13 37.6969
14 38.7249
15 39.7155
16 40.6714
17 41.5949
18 42.4883
19 43.3533
20 44.1917
21 45.0049
22 45.7942
23 46.5609
24 47.3061
25 48.0308
26 48.7358
27 49.4221
28 50.0904
29 50.7414
30 51.3758
31 51.9942
32 52.5971
33 53.1851
34 53.7586
35 54.3181
36 54.8641
37 55.397
38 55.9171
39 56.4247
40 56.9203
41 57.404
42 57.8763
43 58.3374
44 58.7875
45 59.227
46 59.656
47 60.0748
48 60.4835
49 60.8824
50 61.2717
51 61.6516
52 62.0222
53 62.3837
54 62.7362
55 63.08
56 63.4151
57 63.7416
58 64.0598
59 64.3698
60 64.6715
61 64.9653
62 65.2511
63 65.5291
64 65.7994
65 66.0621
66 66.3172
67 66.5649
68 66.8052
69 67.0383
70 67.2641
71 67.4828
72 67.6944
73 67.899
74 68.0967
75 68.2875
76 68.4715
77 68.6487
78 68.8192
79 68.9831
80 69.1403
81 69.291
82 69.4351
83 69.5727
84 69.7039
85 69.8287
86 69.9471
87 70.0591
88 70.1648
89 70.2643
90 70.3575
91 70.4444
92 70.5251
93 70.5997
94 70.6681
95 70.7303
96 70.7863
97 70.8363
98 70.8801
99 70.9179
100 70.9495
101 70.9751
102 70.9946
103 71.008
104 71.0154
105 71.0167
106 71.0119
107 71.0011
108 70.9842
109 70.9612
110 70.9321
111 70.897
112 70.8558
113 70.8084
114 70.755
115 70.6954
116 70.6296
117 70.5577
118 70.4796
119 70.3954
120 70.3048
121 70.2081
122 70.105
123 69.9957
124 69.88
125 69.758
126 69.6295
127 69.4946
128 69.3533
129 69.2054
130 69.051
131 68.89
132 68.7224
133 68.548
134 68.3669
135 68.179
136 67.9843
137 67.7826
138 67.574
139 67.3584
140 67.1356
141 66.9056
142 66.6684
143 66.4239
144 66.172
145 65.9125
146 65.6455
147 65.3708
148 65.0883
149 64.798
150 64.4996
151 64.1932
152 63.8785
153 63.5556
154 63.2241
155 62.8841
156 62.5353
157 62.1777
158 61.811
159 61.4351
160 61.0499
161 60.6551
162 60.2505
163 59.8361
164 59.4115
165 58.9765
166 58.531
167 58.0746
168 57.6071
169 57.1283
170 56.6378
171 56.1353
172 55.6206
173 55.0933
174 54.5529
175 53.9992
176 53.4317
177 52.85
178 52.2535
179 51.6418
180 51.0143
181 50.3705
182 49.7097
183 49.0312
184 48.3342
185 47.618
186 46.8817
187 46.1243
188 45.3448
189 44.5419
190 43.7145
191 42.861
192 41.98
193 41.0696
194 40.1278
195 39.1523
196 38.1407
197 37.0898
198 35.9964
199 34.8563
200 33.6648
201 32.4164
202 31.104
203 29.7193
204 28.2516
205 26.6872
206 25.008
207 23.189
208 21.1943