3 25.9321
4 27.6148
5 29.1851
6 30.6603
7 32.0535
8 33.375
9 34.6331
10 35.8343
11 36.9842
12 38.0875
13 39.1482
14 40.1695
15 41.1544
16 42.1056
17 43.0251
18 43.9151
19 44.7772
20 45.6131
21 46.4241
22 47.2116
23 47.9766
24 48.7204
25 49.4437
26 50.1476
27 50.8328
28 51.5
29 52.15
30 52.7833
31 53.4007
32 54.0026
33 54.5895
34 55.1619
35 55.7203
36 56.265
37 56.7966
38 57.3153
39 57.8214
40 58.3154
41 58.7975
42 59.268
43 59.7272
44 60.1753
45 60.6126
46 61.0394
47 61.4557
48 61.862
49 62.2582
50 62.6447
51 63.0217
52 63.3892
53 63.7474
54 64.0966
55 64.4368
56 64.7682
57 65.091
58 65.4052
59 65.711
60 66.0084
61 66.2977
62 66.5789
63 66.8522
64 67.1175
65 67.375
66 67.6249
67 67.8671
68 68.1018
69 68.329
70 68.5488
71 68.7613
72 68.9666
73 69.1647
74 69.3557
75 69.5396
76 69.7165
77 69.8865
78 70.0495
79 70.2057
80 70.3551
81 70.4977
82 70.6336
83 70.7629
84 70.8854
85 71.0014
86 71.1107
87 71.2136
88 71.3099
89 71.3997
90 71.483
91 71.5599
92 71.6303
93 71.6943
94 71.752
95 71.8032
96 71.8481
97 71.8867
98 71.9189
99 71.9448
100 71.9643
101 71.9776
102 71.9845
103 71.9851
104 71.9793
105 71.9673
106 71.9489
107 71.9242
108 71.8932
109 71.8559
110 71.8122
111 71.7621
112 71.7056
113 71.6428
114 71.5736
115 71.4979
116 71.4158
117 71.3272
118 71.2321
119 71.1306
120 71.0224
121 70.9077
122 70.7864
123 70.6584
124 70.5238
125 70.3824
126 70.2343
127 70.0794
128 69.9176
129 69.749
130 69.5734
131 69.3908
132 69.2011
133 69.0044
134 68.8005
135 68.5893
136 68.3708
137 68.145
138 67.9117
139 67.6709
140 67.4225
141 67.1665
142 66.9026
143 66.6309
144 66.3512
145 66.0634
146 65.7675
147 65.4633
148 65.1507
149 64.8295
150 64.4997
151 64.1612
152 63.8137
153 63.4572
154 63.0914
155 62.7163
156 62.3316
157 61.9371
158 61.5328
159 61.1183
160 60.6936
161 60.2583
162 59.8122
163 59.3551
164 58.8867
165 58.4068
166 57.9151
167 57.4113
168 56.895
169 56.3659
170 55.8236
171 55.2678
172 54.6981
173 54.1139
174 53.5149
175 52.9005
176 52.2702
177 51.6234
178 50.9594
179 50.2777
180 49.5774
181 48.8578
182 48.1179
183 47.3569
184 46.5738
185 45.7673
186 44.9362
187 44.0791
188 43.1945
189 42.2806
190 41.3356
191 40.3572
192 39.3429
193 38.2899
194 37.1949
195 36.054
196 34.8628
197 33.616
198 32.3069
199 30.9279
200 29.469
201 27.9177
202 26.2577
203 24.4669
204 22.514
205 20.3524