0 19.4385
1 21.7928
2 23.8964
3 25.8106
4 27.5749
5 29.2164
6 30.7549
7 32.2051
8 33.5784
9 34.884
10 36.1291
11 37.3199
12 38.4613
13 39.5576
14 40.6126
15 41.6293
16 42.6104
17 43.5585
18 44.4755
19 45.3634
20 46.2239
21 47.0584
22 47.8684
23 48.655
24 49.4193
25 50.1625
26 50.8853
27 51.5887
28 52.2734
29 52.9402
30 53.5898
31 54.2227
32 54.8395
33 55.4408
34 56.0271
35 56.5988
36 57.1564
37 57.7003
38 58.2308
39 58.7484
40 59.2533
41 59.7459
42 60.2265
43 60.6954
44 61.1529
45 61.5991
46 62.0344
47 62.459
48 62.873
49 63.2768
50 63.6704
51 64.0541
52 64.4281
53 64.7925
54 65.1475
55 65.4932
56 65.8298
57 66.1574
58 66.4762
59 66.7863
60 67.0877
61 67.3807
62 67.6653
63 67.9417
64 68.2099
65 68.47
66 68.7221
67 68.9664
68 69.2028
69 69.4315
70 69.6526
71 69.8661
72 70.0721
73 70.2706
74 70.4617
75 70.6456
76 70.8221
77 70.9915
78 71.1537
79 71.3088
80 71.4568
81 71.5979
82 71.7319
83 71.859
84 71.9792
85 72.0925
86 72.199
87 72.2987
88 72.3916
89 72.4778
90 72.5572
91 72.63
92 72.696
93 72.7554
94 72.8082
95 72.8543
96 72.8937
97 72.9266
98 72.9529
99 72.9726
100 72.9856
101 72.9921
102 72.992
103 72.9854
104 72.9721
105 72.9523
106 72.9258
107 72.8928
108 72.8531
109 72.8068
110 72.7539
111 72.6943
112 72.6281
113 72.5552
114 72.4756
115 72.3892
116 72.2961
117 72.1962
118 72.0895
119 71.976
120 71.8556
121 71.7284
122 71.5941
123 71.4529
124 71.3047
125 71.1494
126 70.987
127 70.8175
128 70.6407
129 70.4567
130 70.2653
131 70.0666
132 69.8604
133 69.6467
134 69.4254
135 69.1965
136 68.9599
137 68.7154
138 68.4631
139 68.2027
140 67.9343
141 67.6577
142 67.3729
143 67.0797
144 66.778
145 66.4677
146 66.1487
147 65.8208
148 65.484
149 65.138
150 64.7828
151 64.4181
152 64.0439
153 63.6599
154 63.266
155 62.862
156 62.4476
157 62.0228
158 61.5872
159 61.1407
160 60.6829
161 60.2137
162 59.7328
163 59.2398
164 58.7345
165 58.2166
166 57.6857
167 57.1415
168 56.5835
169 56.0114
170 55.4247
171 54.823
172 54.2058
173 53.5724
174 52.9224
175 52.2551
176 51.5699
177 50.866
178 50.1426
179 49.3989
180 48.634
181 47.8468
182 47.0362
183 46.201
184 45.3398
185 44.4511
186 43.5333
187 42.5844
188 41.6023
189 40.5846
190 39.5286
191 38.431
192 37.2883
193 36.0962
194 34.8495
195 33.5422
196 32.1669
197 30.7145
198 29.1735
199 27.5289
200 25.7609
201 23.8422
202 21.7328