0 18.8165
1 21.3474
2 23.5869
3 25.6117
4 27.4692
5 29.1913
6 30.8009
7 32.3147
8 33.7456
9 35.1038
10 36.3973
11 37.633
12 38.8162
13 39.9516
14 41.0433
15 42.0946
16 43.1085
17 44.0875
18 45.034
19 45.9499
20 46.837
21 47.697
22 48.5313
23 49.3411
24 50.1278
25 50.8922
26 51.6356
27 52.3586
28 53.0622
29 53.7471
30 54.4141
31 55.0637
32 55.6967
33 56.3134
34 56.9146
35 57.5006
36 58.072
37 58.6291
38 59.1724
39 59.7022
40 60.2189
41 60.7228
42 61.2143
43 61.6936
44 62.161
45 62.6168
46 63.0613
47 63.4946
48 63.917
49 64.3288
50 64.73
51 65.121
52 65.5019
53 65.8729
54 66.2341
55 66.5857
56 66.9278
57 67.2606
58 67.5843
59 67.899
60 68.2047
61 68.5016
62 68.7899
63 69.0696
64 69.3408
65 69.6037
66 69.8583
67 70.1047
68 70.343
69 70.5733
70 70.7956
71 71.0101
72 71.2168
73 71.4158
74 71.6072
75 71.7909
76 71.9671
77 72.1358
78 72.2971
79 72.451
80 72.5975
81 72.7368
82 72.8688
83 72.9937
84 73.1113
85 73.2218
86 73.3252
87 73.4215
88 73.5108
89 73.5931
90 73.6683
91 73.7366
92 73.798
93 73.8523
94 73.8998
95 73.9404
96 73.974
97 74.0008
98 74.0206
99 74.0336
100 74.0398
101 74.039
102 74.0314
103 74.0169
104 73.9955
105 73.9673
106 73.9321
107 73.8901
108 73.8411
109 73.7852
110 73.7224
111 73.6526
112 73.5758
113 73.492
114 73.4012
115 73.3033
116 73.1984
117 73.0863
118 72.9671
119 72.8407
120 72.7071
121 72.5663
122 72.4181
123 72.2626
124 72.0997
125 71.9294
126 71.7516
127 71.5662
128 71.3732
129 71.1725
130 70.9641
131 70.7479
132 70.5239
133 70.2918
134 70.0518
135 69.8036
136 69.5472
137 69.2825
138 69.0095
139 68.7279
140 68.4378
141 68.1389
142 67.8313
143 67.5147
144 67.189
145 66.8542
146 66.51
147 66.1563
148 65.793
149 65.4199
150 65.0368
151 64.6436
152 64.2401
153 63.826
154 63.4013
155 62.9655
156 62.5186
157 62.0603
158 61.5903
159 61.1084
160 60.6143
161 60.1076
162 59.5881
163 59.0554
164 58.5091
165 57.9489
166 57.3744
167 56.7851
168 56.1806
169 55.5604
170 54.9238
171 54.2705
172 53.5997
173 52.9107
174 52.203
175 51.4756
176 50.7278
177 49.9586
178 49.167
179 48.3519
180 47.5122
181 46.6464
182 45.7532
183 44.8308
184 43.8774
185 42.891
186 41.8692
187 40.8094
188 39.7085
189 38.563
190 37.3688
191 36.1211
192 34.814
193 33.4408
194 31.9928
195 30.4594
196 28.8269
197 27.0775
198 25.1868
199 23.1201
200 20.8251