0 19.619
1 22.1246
2 24.3523
3 26.3725
4 28.2298
5 29.9546
6 31.5685
7 33.0878
8 34.525
9 35.8899
10 37.1906
11 38.4334
12 39.624
13 40.7668
14 41.8658
15 42.9242
16 43.9452
17 44.9312
18 45.8844
19 46.8069
20 47.7005
21 48.5667
22 49.407
23 50.2227
24 51.0149
25 51.7848
26 52.5334
27 53.2614
28 53.9699
29 54.6594
30 55.3308
31 55.9846
32 56.6216
33 57.2422
34 57.8469
35 58.4364
36 59.011
37 59.5711
38 60.1172
39 60.6496
40 61.1688
41 61.6749
42 62.1685
43 62.6496
44 63.1188
45 63.5761
46 64.0218
47 64.4563
48 64.8797
49 65.2922
50 65.694
51 66.0854
52 66.4665
53 66.8375
54 67.1986
55 67.5499
56 67.8915
57 68.2237
58 68.5465
59 68.8601
60 69.1647
61 69.4602
62 69.747
63 70.0249
64 70.2943
65 70.555
66 70.8074
67 71.0514
68 71.2871
69 71.5146
70 71.734
71 71.9454
72 72.1488
73 72.3443
74 72.5319
75 72.7118
76 72.884
77 73.0485
78 73.2054
79 73.3547
80 73.4965
81 73.6309
82 73.7578
83 73.8773
84 73.9895
85 74.0943
86 74.1918
87 74.2821
88 74.3651
89 74.441
90 74.5096
91 74.571
92 74.6253
93 74.6725
94 74.7125
95 74.7455
96 74.7713
97 74.79
98 74.8016
99 74.8062
100 74.8036
101 74.794
102 74.7772
103 74.7534
104 74.7225
105 74.6845
106 74.6393
107 74.587
108 74.5276
109 74.4609
110 74.3871
111 74.3061
112 74.2179
113 74.1224
114 74.0196
115 73.9095
116 73.7921
117 73.6672
118 73.535
119 73.3952
120 73.248
121 73.0933
122 72.9309
123 72.7609
124 72.5832
125 72.3977
126 72.2044
127 72.0032
128 71.7941
129 71.5769
130 71.3517
131 71.1183
132 70.8766
133 70.6267
134 70.3682
135 70.1013
136 69.8258
137 69.5415
138 69.2485
139 68.9465
140 68.6354
141 68.3152
142 67.9856
143 67.6466
144 67.2981
145 66.9398
146 66.5716
147 66.1933
148 65.8048
149 65.4059
150 64.9964
151 64.5761
152 64.1448
153 63.7022
154 63.2482
155 62.7824
156 62.3046
157 61.8146
158 61.312
159 60.7965
160 60.2679
161 59.7256
162 59.1695
163 58.599
164 58.0138
165 57.4133
166 56.7972
167 56.1649
168 55.5159
169 54.8495
170 54.1651
171 53.4621
172 52.7396
173 51.9969
174 51.2331
175 50.4472
176 49.6382
177 48.8049
178 47.9461
179 47.0603
180 46.1461
181 45.2017
182 44.2251
183 43.2142
184 42.1665
185 41.0792
186 39.9491
187 38.7724
188 37.5447
189 36.2609
190 34.9147
191 33.4986
192 32.0035
193 30.4176
194 28.7258
195 26.9083
196 24.9375
197 22.7737