0 20.7696
1 23.171
2 25.3245
3 27.2889
4 29.1027
5 30.7923
6 32.3772
7 33.8722
8 35.2887
9 36.6357
10 37.9207
11 39.1498
12 40.3281
13 41.4599
14 42.549
15 43.5985
16 44.6112
17 45.5896
18 46.5359
19 47.452
20 48.3395
21 49.2
22 50.035
23 50.8457
24 51.6332
25 52.3986
26 53.1428
27 53.8667
28 54.5712
29 55.2569
30 55.9245
31 56.5747
32 57.2082
33 57.8253
34 58.4267
35 59.0129
36 59.5842
37 60.1411
38 60.684
39 61.2133
40 61.7294
41 62.2325
42 62.7229
43 63.201
44 63.6671
45 64.1213
46 64.564
47 64.9954
48 65.4157
49 65.8251
50 66.2239
51 66.6121
52 66.9901
53 67.3579
54 67.7158
55 68.0639
56 68.4023
57 68.7312
58 69.0507
59 69.361
60 69.6621
61 69.9542
62 70.2375
63 70.5119
64 70.7777
65 71.0349
66 71.2836
67 71.5239
68 71.7558
69 71.9796
70 72.1951
71 72.4026
72 72.602
73 72.7935
74 72.9771
75 73.1529
76 73.3209
77 73.4811
78 73.6337
79 73.7787
80 73.916
81 74.0459
82 74.1682
83 74.2831
84 74.3906
85 74.4906
86 74.5833
87 74.6686
88 74.7467
89 74.8174
90 74.8809
91 74.9371
92 74.9861
93 75.0279
94 75.0624
95 75.0898
96 75.11
97 75.123
98 75.1288
99 75.1274
100 75.1188
101 75.1031
102 75.0802
103 75.05
104 75.0127
105 74.9682
106 74.9164
107 74.8574
108 74.7912
109 74.7176
110 74.6368
111 74.5486
112 74.4531
113 74.3502
114 74.2399
115 74.1222
116 73.997
117 73.8642
118 73.724
119 73.5761
120 73.4206
121 73.2573
122 73.0864
123 72.9076
124 72.721
125 72.5265
126 72.3239
127 72.1134
128 71.8947
129 71.6678
130 71.4327
131 71.1892
132 70.9372
133 70.6768
134 70.4077
135 70.1299
136 69.8432
137 69.5476
138 69.243
139 68.9292
140 68.6061
141 68.2736
142 67.9315
143 67.5797
144 67.218
145 66.8463
146 66.4644
147 66.0722
148 65.6693
149 65.2558
150 64.8312
151 64.3955
152 63.9484
153 63.4897
154 63.019
155 62.5362
156 62.041
157 61.533
158 61.0119
159 60.4774
160 59.9291
161 59.3667
162 58.7898
163 58.1978
164 57.5905
165 56.9671
166 56.3273
167 55.6705
168 54.996
169 54.3032
170 53.5914
171 52.8598
172 52.1075
173 51.3338
174 50.5375
175 49.7177
176 48.873
177 48.0023
178 47.104
179 46.1766
180 45.2182
181 44.2269
182 43.2004
183 42.136
184 41.031
185 39.8818
186 38.6846
187 37.4347
188 36.1267
189 34.754
190 33.3086
191 31.7806
192 30.1574
193 28.4228
194 26.5549
195 24.5233
196 22.2832