0 20.0335
1 22.6304
2 24.9355
3 27.0237
4 28.9419
5 30.7221
6 32.3869
7 33.9533
8 35.4345
9 36.8406
10 38.1801
11 39.4595
12 40.6847
13 41.8604
14 42.9907
15 44.079
16 45.1284
17 46.1415
18 47.1207
19 48.068
20 48.9853
21 49.8743
22 50.7365
23 51.5731
24 52.3854
25 53.1746
26 53.9416
27 54.6874
28 55.4128
29 56.1187
30 56.8057
31 57.4745
32 58.1257
33 58.7601
34 59.378
35 59.9799
36 60.5665
37 61.1381
38 61.695
39 62.2378
40 62.7668
41 63.2823
42 63.7847
43 64.2742
44 64.7512
45 65.216
46 65.6687
47 66.1096
48 66.5391
49 66.9572
50 67.3642
51 67.7603
52 68.1458
53 68.5207
54 68.8852
55 69.2396
56 69.5839
57 69.9184
58 70.2431
59 70.5581
60 70.8638
61 71.16
62 71.447
63 71.7249
64 71.9937
65 72.2537
66 72.5048
67 72.7471
68 72.9808
69 73.206
70 73.4226
71 73.6308
72 73.8307
73 74.0224
74 74.2058
75 74.381
76 74.5482
77 74.7073
78 74.8584
79 75.0016
80 75.1369
81 75.2644
82 75.384
83 75.4959
84 75.6
85 75.6964
86 75.7852
87 75.8663
88 75.9397
89 76.0056
90 76.0639
91 76.1146
92 76.1577
93 76.1933
94 76.2214
95 76.242
96 76.255
97 76.2606
98 76.2586
99 76.2491
100 76.2321
101 76.2076
102 76.1756
103 76.136
104 76.0889
105 76.0342
106 75.972
107 75.9021
108 75.8246
109 75.7395
110 75.6468
111 75.5463
112 75.4381
113 75.3222
114 75.1984
115 75.0669
116 74.9274
117 74.7801
118 74.6247
119 74.4614
120 74.29
121 74.1105
122 73.9227
123 73.7268
124 73.5225
125 73.3099
126 73.0888
127 72.8592
128 72.6209
129 72.374
130 72.1183
131 71.8537
132 71.5801
133 71.2974
134 71.0056
135 70.7044
136 70.3939
137 70.0737
138 69.7439
139 69.4043
140 69.0547
141 68.695
142 68.3251
143 67.9447
144 67.5536
145 67.1518
146 66.739
147 66.3149
148 65.8795
149 65.4324
150 64.9734
151 64.5023
152 64.0187
153 63.5225
154 63.0132
155 62.4907
156 61.9545
157 61.4043
158 60.8397
159 60.2603
160 59.6657
161 59.0555
162 58.429
163 57.7858
164 57.1254
165 56.4471
166 55.7503
167 55.0343
168 54.2983
169 53.5415
170 52.763
171 51.9617
172 51.1368
173 50.2869
174 49.4109
175 48.5072
176 47.5743
177 46.6105
178 45.6137
179 44.5819
180 43.5124
181 42.4025
182 41.2489
183 40.0477
184 38.7946
185 37.4845
186 36.1109
187 34.6665
188 33.142
189 31.5257
190 29.8028
191 27.9534
192 25.9507
193 23.7557
194 21.3093