0 21.942
1 24.428
2 26.6606
3 28.699
4 30.582
5 32.3368
6 33.9832
7 35.5363
8 37.0079
9 38.4073
10 39.7422
11 41.0188
12 42.2425
13 43.4177
14 44.5483
15 45.6375
16 46.6883
17 47.7032
18 48.6844
19 49.634
20 50.5537
21 51.4452
22 52.3098
23 53.1489
24 53.9637
25 54.7552
26 55.5246
27 56.2725
28 57.0
29 57.7078
30 58.3965
31 59.067
32 59.7197
33 60.3553
34 60.9742
35 61.5771
36 62.1643
37 62.7363
38 63.2936
39 63.8364
40 64.3652
41 64.8803
42 65.382
43 65.8707
44 66.3466
45 66.81
46 67.2612
47 67.7003
48 68.1277
49 68.5436
50 68.9481
51 69.3415
52 69.7239
53 70.0956
54 70.4566
55 70.8072
56 71.1476
57 71.4778
58 71.798
59 72.1083
60 72.4089
61 72.6999
62 72.9814
63 73.2534
64 73.5163
65 73.7699
66 74.0144
67 74.2499
68 74.4765
69 74.6943
70 74.9033
71 75.1036
72 75.2953
73 75.4784
74 75.6531
75 75.8193
76 75.9771
77 76.1267
78 76.2679
79 76.4009
80 76.5257
81 76.6424
82 76.751
83 76.8515
84 76.944
85 77.0284
86 77.1049
87 77.1734
88 77.2339
89 77.2866
90 77.3313
91 77.3681
92 77.397
93 77.4181
94 77.4313
95 77.4366
96 77.4341
97 77.4237
98 77.4055
99 77.3794
100 77.3454
101 77.3035
102 77.2537
103 77.1959
104 77.1303
105 77.0567
106 76.9751
107 76.8855
108 76.7879
109 76.6822
110 76.5684
111 76.4465
112 76.3164
113 76.1781
114 76.0316
115 75.8767
116 75.7135
117 75.5419
118 75.3618
119 75.1731
120 74.9759
121 74.77
122 74.5554
123 74.332
124 74.0997
125 73.8584
126 73.608
127 73.3485
128 73.0798
129 72.8017
130 72.5141
131 72.2169
132 71.9101
133 71.5935
134 71.2668
135 70.9302
136 70.5832
137 70.2259
138 69.8581
139 69.4795
140 69.0901
141 68.6896
142 68.2778
143 67.8546
144 67.4197
145 66.9728
146 66.5138
147 66.0424
148 65.5583
149 65.0613
150 64.551
151 64.0272
152 63.4894
153 62.9373
154 62.3707
155 61.7889
156 61.1917
157 60.5786
158 59.949
159 59.3025
160 58.6385
161 57.9563
162 57.2554
163 56.5351
164 55.7945
165 55.033
166 54.2495
167 53.4431
168 52.6128
169 51.7575
170 50.8758
171 49.9664
172 49.0276
173 48.0579
174 47.0553
175 46.0177
176 44.9425
177 43.8271
178 42.6683
179 41.4624
180 40.2053
181 38.8919
182 37.5164
183 36.0716
184 34.5488
185 32.9373
186 31.2233
187 29.3888
188 27.4098
189 25.2522
190 22.8654