0 21.075
1 23.7808
2 26.184
3 28.3616
4 30.3622
5 32.2188
6 33.955
7 35.5884
8 37.1326
9 38.5984
10 39.9942
11 41.3273
12 42.6035
13 43.8278
14 45.0044
15 46.137
16 47.2287
17 48.2823
18 49.3002
19 50.2847
20 51.2376
21 52.1607
22 53.0556
23 53.9235
24 54.7659
25 55.5839
26 56.3785
27 57.1507
28 57.9014
29 58.6315
30 59.3416
31 60.0326
32 60.705
33 61.3595
34 61.9967
35 62.617
36 63.2209
37 63.809
38 64.3817
39 64.9393
40 65.4823
41 66.011
42 66.5258
43 67.0269
44 67.5148
45 67.9896
46 68.4516
47 68.9011
48 69.3384
49 69.7636
50 70.177
51 70.5789
52 70.9693
53 71.3485
54 71.7166
55 72.0739
56 72.4205
57 72.7565
58 73.0821
59 73.3974
60 73.7026
61 73.9978
62 74.2831
63 74.5585
64 74.8243
65 75.0806
66 75.3273
67 75.5647
68 75.7928
69 76.0117
70 76.2214
71 76.4221
72 76.6138
73 76.7966
74 76.9705
75 77.1357
76 77.2921
77 77.4398
78 77.5789
79 77.7094
80 77.8313
81 77.9448
82 78.0497
83 78.1463
84 78.2344
85 78.3142
86 78.3856
87 78.4487
88 78.5034
89 78.5499
90 78.5881
91 78.6181
92 78.6398
93 78.6532
94 78.6585
95 78.6554
96 78.6442
97 78.6247
98 78.5969
99 78.5609
100 78.5166
101 78.464
102 78.4031
103 78.3339
104 78.2564
105 78.1705
106 78.0762
107 77.9734
108 77.8622
109 77.7425
110 77.6143
111 77.4775
112 77.3321
113 77.178
114 77.0152
115 76.8436
116 76.6632
117 76.4738
118 76.2755
119 76.0682
120 75.8518
121 75.6261
122 75.3912
123 75.147
124 74.8932
125 74.63
126 74.3571
127 74.0744
128 73.7819
129 73.4794
130 73.1667
131 72.8439
132 72.5106
133 72.1669
134 71.8125
135 71.4472
136 71.071
137 70.6835
138 70.2848
139 69.8744
140 69.4523
141 69.0183
142 68.572
143 68.1133
144 67.642
145 67.1576
146 66.66
147 66.1489
148 65.6239
149 65.0848
150 64.5311
151 63.9624
152 63.3785
153 62.7787
154 62.1628
155 61.5302
156 60.8803
157 60.2127
158 59.5267
159 58.8217
160 58.097
161 57.3519
162 56.5854
163 55.7969
164 54.9852
165 54.1494
166 53.2883
167 52.4008
168 51.4853
169 50.5405
170 49.5646
171 48.5557
172 47.5117
173 46.4304
174 45.309
175 44.1444
176 42.9331
177 41.6711
178 40.3537
179 38.9751
180 37.5287
181 36.0062
182 34.3976
183 32.6902
184 30.8676
185 28.9079
186 26.7812
187 24.4439