0 22.9664
1 25.5742
2 27.9149
3 30.051
4 32.0235
5 33.8609
6 35.5842
7 37.2092
8 38.7484
9 40.2115
10 41.6067
11 42.9404
12 44.2184
13 45.4452
14 46.6249
15 47.7611
16 48.8567
17 49.9144
18 50.9366
19 51.9254
20 52.8827
21 53.8101
22 54.7091
23 55.5812
24 56.4276
25 57.2493
26 58.0476
27 58.8233
28 59.5773
29 60.3104
30 61.0233
31 61.7169
32 62.3916
33 63.0482
34 63.6872
35 64.3091
36 64.9144
37 65.5035
38 66.0769
39 66.6351
40 67.1783
41 67.7069
42 68.2214
43 68.7219
44 69.2088
45 69.6824
46 70.1429
47 70.5907
48 71.0259
49 71.4488
50 71.8596
51 72.2585
52 72.6457
53 73.0213
54 73.3857
55 73.7388
56 74.081
57 74.4123
58 74.7329
59 75.0429
60 75.3424
61 75.6317
62 75.9107
63 76.1797
64 76.4386
65 76.6877
66 76.927
67 77.1566
68 77.3766
69 77.587
70 77.788
71 77.9796
72 78.1619
73 78.335
74 78.4989
75 78.6536
76 78.7993
77 78.936
78 79.0637
79 79.1824
80 79.2923
81 79.3933
82 79.4855
83 79.5689
84 79.6435
85 79.7094
86 79.7666
87 79.8151
88 79.8549
89 79.886
90 79.9085
91 79.9223
92 79.9275
93 79.924
94 79.9119
95 79.8912
96 79.8617
97 79.8236
98 79.7769
99 79.7214
100 79.6572
101 79.5843
102 79.5027
103 79.4122
104 79.3129
105 79.2048
106 79.0878
107 78.9619
108 78.827
109 78.6831
110 78.5301
111 78.3681
112 78.1968
113 78.0163
114 77.8266
115 77.6274
116 77.4188
117 77.2007
118 76.9731
119 76.7357
120 76.4886
121 76.2316
122 75.9646
123 75.6876
124 75.4003
125 75.1028
126 74.7949
127 74.4764
128 74.1472
129 73.8072
130 73.4563
131 73.0941
132 72.7207
133 72.3358
134 71.9392
135 71.5308
136 71.1103
137 70.6776
138 70.2323
139 69.7743
140 69.3033
141 68.819
142 68.3212
143 67.8096
144 67.2837
145 66.7434
146 66.1883
147 65.6179
148 65.0319
149 64.4298
150 63.8113
151 63.1757
152 62.5226
153 61.8515
154 61.1617
155 60.4526
156 59.7236
157 58.9738
158 58.2024
159 57.4087
160 56.5916
161 55.7502
162 54.8833
163 53.9897
164 53.068
165 52.1168
166 51.1344
167 50.1189
168 49.0683
169 47.9804
170 46.8525
171 45.6816
172 44.4644
173 43.1969
174 41.8745
175 40.492
176 39.0429
177 37.5194
178 35.9122
179 34.2095
180 32.396
181 30.4522
182 28.3512
183 26.0549
184 23.5063