0 21.9481
1 24.8063
2 27.3406
3 29.6343
4 31.7396
5 33.6917
6 35.5161
7 37.2313
8 38.852
9 40.3895
10 41.8529
11 43.2498
12 44.5864
13 45.8681
14 47.0992
15 48.2837
16 49.4248
17 50.5257
18 51.5887
19 52.6163
20 53.6104
21 54.5729
22 55.5054
23 56.4095
24 57.2864
25 58.1374
26 58.9636
27 59.766
28 60.5457
29 61.3033
30 62.0399
31 62.756
32 63.4525
33 64.1299
34 64.7888
35 65.4298
36 66.0534
37 66.6602
38 67.2504
39 67.8247
40 68.3834
41 68.9268
42 69.4554
43 69.9694
44 70.4692
45 70.9551
46 71.4274
47 71.8863
48 72.3321
49 72.765
50 73.1853
51 73.5932
52 73.9888
53 74.3724
54 74.7442
55 75.1044
56 75.453
57 75.7903
58 76.1164
59 76.4315
60 76.7356
61 77.029
62 77.3117
63 77.5839
64 77.8457
65 78.0971
66 78.3384
67 78.5694
68 78.7905
69 79.0016
70 79.2028
71 79.3942
72 79.5759
73 79.7479
74 79.9104
75 80.0632
76 80.2066
77 80.3406
78 80.4652
79 80.5804
80 80.6863
81 80.7829
82 80.8703
83 80.9485
84 81.0176
85 81.0774
86 81.1282
87 81.1698
88 81.2023
89 81.2257
90 81.24
91 81.2452
92 81.2414
93 81.2285
94 81.2065
95 81.1754
96 81.1352
97 81.0858
98 81.0274
99 80.9598
100 80.883
101 80.797
102 80.7018
103 80.5973
104 80.4835
105 80.3604
106 80.2279
107 80.086
108 79.9345
109 79.7736
110 79.603
111 79.4229
112 79.2329
113 79.0332
114 78.8237
115 78.6041
116 78.3746
117 78.135
118 77.8851
119 77.6249
120 77.3543
121 77.0732
122 76.7815
123 76.479
124 76.1656
125 75.8412
126 75.5057
127 75.1588
128 74.8005
129 74.4305
130 74.0487
131 73.6549
132 73.2489
133 72.8306
134 72.3996
135 71.9558
136 71.499
137 71.0288
138 70.545
139 70.0473
140 69.5355
141 69.0092
142 68.4681
143 67.9118
144 67.3399
145 66.7522
146 66.148
147 65.527
148 64.8887
149 64.2326
150 63.5581
151 62.8646
152 62.1515
153 61.4182
154 60.6638
155 59.8876
156 59.0887
157 58.2662
158 57.4191
159 56.5463
160 55.6465
161 54.7185
162 53.7607
163 52.7716
164 51.7493
165 50.6918
166 49.597
167 48.4622
168 47.2846
169 46.0609
170 44.7873
171 43.4595
172 42.0723
173 40.6195
174 39.094
175 37.4869
176 35.787
177 33.9806
178 32.0496
179 29.9699
180 27.7081
181 25.2152