0 23.8475
1 26.6157
2 29.0949
3 31.3536
4 33.4367
5 35.3751
6 37.1915
7 38.9029
8 40.5227
9 42.0614
10 43.5277
11 44.9287
12 46.2702
13 47.5573
14 48.7943
15 49.985
16 51.1325
17 52.2397
18 53.3092
19 54.3431
20 55.3435
21 56.3121
22 57.2505
23 58.1603
24 59.0426
25 59.8988
26 60.73
27 61.5371
28 62.3212
29 63.083
30 63.8233
31 64.5429
32 65.2425
33 65.9228
34 66.5842
35 67.2274
36 67.8529
37 68.4611
38 69.0526
39 69.6277
40 70.1869
41 70.7305
42 71.2589
43 71.7724
44 72.2714
45 72.7561
46 73.2268
47 73.6838
48 74.1274
49 74.5577
50 74.9751
51 75.3796
52 75.7717
53 76.1513
54 76.5187
55 76.8742
56 77.2178
57 77.5497
58 77.87
59 78.179
60 78.4767
61 78.7633
62 79.0388
63 79.3034
64 79.5573
65 79.8005
66 80.033
67 80.2551
68 80.4668
69 80.6681
70 80.8591
71 81.04
72 81.2108
73 81.3715
74 81.5223
75 81.6631
76 81.794
77 81.9151
78 82.0264
79 82.1279
80 82.2197
81 82.3019
82 82.3744
83 82.4372
84 82.4905
85 82.5341
86 82.5682
87 82.5927
88 82.6077
89 82.6131
90 82.609
91 82.5953
92 82.5721
93 82.5393
94 82.4969
95 82.445
96 82.3834
97 82.3123
98 82.2314
99 82.1409
100 82.0407
101 81.9307
102 81.811
103 81.6814
104 81.5419
105 81.3925
106 81.2332
107 81.0638
108 80.8842
109 80.6945
110 80.4946
111 80.2844
112 80.0637
113 79.8326
114 79.5908
115 79.3384
116 79.0753
117 78.8012
118 78.5162
119 78.22
120 77.9125
121 77.5937
122 77.2634
123 76.9214
124 76.5676
125 76.2018
126 75.8238
127 75.4334
128 75.0306
129 74.615
130 74.1864
131 73.7446
132 73.2895
133 72.8206
134 72.3378
135 71.8408
136 71.3293
137 70.8029
138 70.2614
139 69.7043
140 69.1314
141 68.5422
142 67.9362
143 67.3131
144 66.6723
145 66.0134
146 65.3357
147 64.6388
148 63.9219
149 63.1844
150 62.4256
151 61.6446
152 60.8407
153 60.0128
154 59.1601
155 58.2813
156 57.3753
157 56.4409
158 55.4764
159 54.4805
160 53.4512
161 52.3867
162 51.2847
163 50.1428
164 48.9582
165 47.7276
166 46.4475
167 45.1137
168 43.7211
169 42.264
170 40.7356
171 39.1273
172 37.429
173 35.6277
174 33.707
175 31.6452
176 29.4124
177 26.9664
178 24.2427