0 22.6532
1 25.7105
2 28.4113
3 30.8494
4 33.083
5 35.151
6 37.0811
7 38.894
8 40.6052
9 42.2272
10 43.7699
11 45.2413
12 46.6483
13 47.9965
14 49.2907
15 50.5351
16 51.7333
17 52.8883
18 54.0031
19 55.08
20 56.1211
21 57.1286
22 58.104
23 59.0491
24 59.9652
25 60.8536
26 61.7155
27 62.5521
28 63.3643
29 64.1531
30 64.9193
31 65.6637
32 66.3871
33 67.09
34 67.7733
35 68.4373
36 69.0828
37 69.7102
38 70.32
39 70.9126
40 71.4885
41 72.0481
42 72.5918
43 73.1198
44 73.6326
45 74.1305
46 74.6138
47 75.0826
48 75.5374
49 75.9784
50 76.4058
51 76.8198
52 77.2207
53 77.6086
54 77.9837
55 78.3463
56 78.6965
57 79.0345
58 79.3604
59 79.6743
60 79.9765
61 80.267
62 80.546
63 80.8136
64 81.0698
65 81.3149
66 81.5489
67 81.7719
68 81.984
69 82.1853
70 82.3759
71 82.5557
72 82.725
73 82.8838
74 83.0321
75 83.1699
76 83.2974
77 83.4146
78 83.5215
79 83.6182
80 83.7047
81 83.781
82 83.8472
83 83.9033
84 83.9493
85 83.9852
86 84.011
87 84.0268
88 84.0325
89 84.0282
90 84.0138
91 83.9894
92 83.9549
93 83.9104
94 83.8558
95 83.791
96 83.7161
97 83.6311
98 83.5358
99 83.4303
100 83.3146
101 83.1886
102 83.0522
103 82.9054
104 82.7481
105 82.5803
106 82.4019
107 82.2129
108 82.0131
109 81.8026
110 81.5811
111 81.3487
112 81.1052
113 80.8505
114 80.5845
115 80.3071
116 80.0183
117 79.7177
118 79.4055
119 79.0813
120 78.745
121 78.3966
122 78.0358
123 77.6624
124 77.2763
125 76.8773
126 76.4651
127 76.0397
128 75.6006
129 75.1478
130 74.6809
131 74.1997
132 73.7039
133 73.1932
134 72.6673
135 72.1259
136 71.5686
137 70.995
138 70.4048
139 69.7974
140 69.1726
141 68.5297
142 67.8683
143 67.1878
144 66.4877
145 65.7673
146 65.0259
147 64.2628
148 63.4773
149 62.6684
150 61.8353
151 60.977
152 60.0924
153 59.1803
154 58.2394
155 57.2684
156 56.2656
157 55.2293
158 54.1576
159 53.0483
160 51.8991
161 50.7072
162 49.4696
163 48.1826
164 46.8423
165 45.444
166 43.982
167 42.4499
168 40.8396
169 39.1417
170 37.3441
171 35.4317
172 33.3846
173 31.1765
174 28.7703
175 26.1112