0 24.5858
1 27.5567
2 30.2071
3 32.6152
4 34.8315
5 36.8903
6 38.8169
7 40.6301
8 42.3443
9 43.9712
10 45.5201
11 46.9988
12 48.4137
13 49.7702
14 51.073
15 52.3261
16 53.533
17 54.6967
18 55.8199
19 56.9051
20 57.9544
21 58.9696
22 59.9526
23 60.9049
24 61.8278
25 62.7228
26 63.5909
27 64.4333
28 65.251
29 66.0448
30 66.8157
31 67.5644
32 68.2916
33 68.9981
34 69.6844
35 70.3511
36 70.9989
37 71.6281
38 72.2394
39 72.8331
40 73.4096
41 73.9695
42 74.513
43 75.0405
44 75.5523
45 76.0488
46 76.5302
47 76.9969
48 77.4491
49 77.8871
50 78.311
51 78.7212
52 79.1178
53 79.501
54 79.8711
55 80.2282
56 80.5724
57 80.9041
58 81.2232
59 81.53
60 81.8245
61 82.107
62 82.3776
63 82.6363
64 82.8833
65 83.1186
66 83.3425
67 83.5549
68 83.7559
69 83.9457
70 84.1243
71 84.2918
72 84.4483
73 84.5938
74 84.7283
75 84.852
76 84.9648
77 85.0668
78 85.1581
79 85.2387
80 85.3086
81 85.3678
82 85.4164
83 85.4544
84 85.4818
85 85.4986
86 85.5048
87 85.5004
88 85.4854
89 85.4599
90 85.4237
91 85.3769
92 85.3195
93 85.2515
94 85.1727
95 85.0833
96 84.9831
97 84.8721
98 84.7503
99 84.6177
100 84.4741
101 84.3195
102 84.1539
103 83.9772
104 83.7894
105 83.5902
106 83.3798
107 83.1579
108 82.9246
109 82.6796
110 82.4229
111 82.1544
112 81.874
113 81.5815
114 81.2768
115 80.9598
116 80.6304
117 80.2883
118 79.9334
119 79.5656
120 79.1846
121 78.7903
122 78.3825
123 77.961
124 77.5254
125 77.0757
126 76.6115
127 76.1326
128 75.6388
129 75.1296
130 74.6048
131 74.0641
132 73.5071
133 72.9334
134 72.3427
135 71.7345
136 71.1084
137 70.4639
138 69.8004
139 69.1175
140 68.4146
141 67.691
142 66.946
143 66.179
144 65.3892
145 64.5757
146 63.7376
147 62.874
148 61.9837
149 61.0656
150 60.1185
151 59.1409
152 58.1313
153 57.0881
154 56.0092
155 54.8927
156 53.7361
157 52.5369
158 51.292
159 49.998
160 48.651
161 47.2465
162 45.7792
163 44.2429
164 42.63
165 40.9315
166 39.1364
167 37.2305
168 35.1959
169 33.0089
170 30.6368
171 28.0326