0 26.4959
1 29.4018
2 32.015
3 34.4022
4 36.6076
5 38.6625
6 40.5895
7 42.4062
8 44.1262
9 45.7605
10 47.3178
11 48.8056
12 50.23
13 51.5962
14 52.9089
15 54.1719
16 55.3885
17 56.5618
18 57.6945
19 58.7888
20 59.8468
21 60.8706
22 61.8617
23 62.8217
24 63.752
25 64.6539
26 65.5286
27 66.3771
28 67.2005
29 67.9996
30 68.7753
31 69.5284
32 70.2596
33 70.9696
34 71.659
35 72.3284
36 72.9783
37 73.6093
38 74.2219
39 74.8165
40 75.3935
41 75.9533
42 76.4963
43 77.0229
44 77.5334
45 78.0281
46 78.5074
47 78.9714
48 79.4204
49 79.8548
50 80.2748
51 80.6805
52 81.0722
53 81.4501
54 81.8143
55 82.1652
56 82.5028
57 82.8272
58 83.1387
59 83.4375
60 83.7235
61 83.997
62 84.2581
63 84.5069
64 84.7435
65 84.9681
66 85.1806
67 85.3812
68 85.57
69 85.7471
70 85.9124
71 86.0662
72 86.2085
73 86.3392
74 86.4585
75 86.5665
76 86.6631
77 86.7484
78 86.8224
79 86.8852
80 86.9367
81 86.9771
82 87.0063
83 87.0243
84 87.0312
85 87.0268
86 87.0114
87 86.9847
88 86.9469
89 86.8979
90 86.8377
91 86.7662
92 86.6835
93 86.5894
94 86.4841
95 86.3673
96 86.2392
97 86.0996
98 85.9484
99 85.7857
100 85.6113
101 85.4251
102 85.2272
103 85.0174
104 84.7956
105 84.5618
106 84.3157
107 84.0574
108 83.7868
109 83.5036
110 83.2077
111 82.8991
112 82.5776
113 82.243
114 81.8952
115 81.534
116 81.1592
117 80.7707
118 80.3682
119 79.9515
120 79.5204
121 79.0747
122 78.6141
123 78.1384
124 77.6472
125 77.1403
126 76.6174
127 76.0781
128 75.5222
129 74.9491
130 74.3586
131 73.7501
132 73.1233
133 72.4777
134 71.8128
135 71.128
136 70.4228
137 69.6964
138 68.9484
139 68.1779
140 67.3841
141 66.5664
142 65.7236
143 64.855
144 63.9594
145 63.0356
146 62.0824
147 61.0985
148 60.0824
149 59.0323
150 57.9464
151 56.8226
152 55.6588
153 54.4522
154 53.2001
155 51.899
156 50.5453
157 49.1345
158 47.6617
159 46.1207
160 44.5047
161 42.8051
162 41.0114
163 39.1108
164 37.0868
165 34.9179
166 32.5753
167 30.0183
168 27.1865