0 19.6718
1 22.0681
2 24.2079
3 26.1542
4 27.9475
5 29.6155
6 31.1785
7 32.6514
8 34.046
9 35.3716
10 36.6355
11 37.8441
12 39.0025
13 40.1149
14 41.1852
15 42.2165
16 43.2116
17 44.173
18 45.1028
19 46.003
20 46.8752
21 47.721
22 48.5417
23 49.3387
24 50.113
25 50.8657
26 51.5977
27 52.3099
28 53.0031
29 53.6781
30 54.3354
31 54.9758
32 55.5999
33 56.208
34 56.8009
35 57.379
36 57.9426
37 58.4922
38 59.0283
39 59.5511
40 60.0611
41 60.5585
42 61.0436
43 61.5168
44 61.9783
45 62.4284
46 62.8673
47 63.2953
48 63.7125
49 64.1192
50 64.5156
51 64.9019
52 65.2782
53 65.6447
54 66.0017
55 66.3491
56 66.6873
57 67.0162
58 67.3362
59 67.6472
60 67.9495
61 68.243
62 68.5281
63 68.8046
64 69.0729
65 69.3328
66 69.5846
67 69.8284
68 70.0641
69 70.2919
70 70.5119
71 70.7242
72 70.9287
73 71.1257
74 71.3151
75 71.4969
76 71.6714
77 71.8384
78 71.9981
79 72.1506
80 72.2957
81 72.4337
82 72.5645
83 72.6883
84 72.8049
85 72.9145
86 73.017
87 73.1126
88 73.2012
89 73.2829
90 73.3577
91 73.4256
92 73.4866
93 73.5407
94 73.5881
95 73.6286
96 73.6622
97 73.6891
98 73.7092
99 73.7225
100 73.729
101 73.7287
102 73.7216
103 73.7078
104 73.6871
105 73.6597
106 73.6254
107 73.5843
108 73.5364
109 73.4817
110 73.4201
111 73.3516
112 73.2763
113 73.194
114 73.1048
115 73.0086
116 72.9055
117 72.7953
118 72.6781
119 72.5538
120 72.4224
121 72.2838
122 72.138
123 71.9849
124 71.8246
125 71.6569
126 71.4819
127 71.2994
128 71.1094
129 70.9118
130 70.7066
131 70.4937
132 70.273
133 70.0445
134 69.8081
135 69.5637
136 69.3112
137 69.0505
138 68.7816
139 68.5044
140 68.2186
141 67.9243
142 67.6213
143 67.3095
144 66.9888
145 66.6591
146 66.3202
147 65.9719
148 65.6142
149 65.2468
150 64.8697
151 64.4826
152 64.0853
153 63.6777
154 63.2596
155 62.8307
156 62.3909
157 61.9398
158 61.4774
159 61.0032
160 60.517
161 60.0186
162 59.5075
163 58.9836
164 58.4464
165 57.8956
166 57.3308
167 56.7515
168 56.1573
169 55.5478
170 54.9225
171 54.2807
172 53.6218
173 52.9454
174 52.2506
175 51.5367
176 50.803
177 50.0485
178 49.2724
179 48.4734
180 47.6506
181 46.8026
182 45.9281
183 45.0256
184 44.0931
185 43.129
186 42.1309
187 41.0964
188 40.0227
189 38.9066
190 37.7442
191 36.5311
192 35.2622
193 33.9312
194 32.5303
195 31.0503
196 29.4791
197 27.8013
198 25.9964
199 24.0355
200 21.877