0 25.1818
1 28.4022
2 31.2596
3 33.846
4 36.2196
5 38.4197
6 40.4746
7 42.4056
8 44.2288
9 45.957
10 47.6007
11 49.1682
12 50.6667
13 52.102
14 53.4794
15 54.8031
16 56.077
17 57.3044
18 58.4882
19 59.6309
20 60.735
21 61.8026
22 62.8353
23 63.835
24 64.8032
25 65.7413
26 66.6505
27 67.532
28 68.3868
29 69.2161
30 70.0206
31 70.8013
32 71.5588
33 72.294
34 73.0074
35 73.6998
36 74.3717
37 75.0237
38 75.6563
39 76.2699
40 76.8651
41 77.4422
42 78.0017
43 78.5439
44 79.0691
45 79.5778
46 80.0702
47 80.5467
48 81.0075
49 81.4528
50 81.883
51 82.2982
52 82.6987
53 83.0848
54 83.4565
55 83.8142
56 84.1579
57 84.4879
58 84.8042
59 85.1072
60 85.3968
61 85.6733
62 85.9367
63 86.1872
64 86.425
65 86.65
66 86.8624
67 87.0623
68 87.2498
69 87.4249
70 87.5878
71 87.7385
72 87.877
73 88.0035
74 88.1179
75 88.2204
76 88.3109
77 88.3895
78 88.4563
79 88.5112
80 88.5543
81 88.5855
82 88.605
83 88.6127
84 88.6086
85 88.5928
86 88.5651
87 88.5257
88 88.4744
89 88.4113
90 88.3363
91 88.2495
92 88.1507
93 88.0399
94 87.9172
95 87.7823
96 87.6354
97 87.4763
98 87.3049
99 87.1212
100 86.9251
101 86.7165
102 86.4954
103 86.2616
104 86.015
105 85.7555
106 85.4831
107 85.1975
108 84.8987
109 84.5864
110 84.2607
111 83.9212
112 83.5678
113 83.2004
114 82.8188
115 82.4227
116 82.012
117 81.5865
118 81.1458
119 80.6898
120 80.2182
121 79.7307
122 79.2271
123 78.7069
124 78.17
125 77.6158
126 77.0442
127 76.4546
128 75.8467
129 75.22
130 74.574
131 73.9083
132 73.2222
133 72.5153
134 71.7868
135 71.0363
136 70.2628
137 69.4657
138 68.6441
139 67.7972
140 66.924
141 66.0234
142 65.0944
143 64.1356
144 63.1457
145 62.1232
146 61.0666
147 59.9739
148 58.8433
149 57.6723
150 56.4586
151 55.1994
152 53.8913
153 52.5309
154 51.1138
155 49.6353
156 48.0897
157 46.4702
158 44.769
159 42.9762
160 41.0798
161 39.0649
162 36.912
163 34.5953
164 32.0794
165 29.3129