0 27.1669
1 30.3207
2 33.1422
3 35.7102
4 38.0761
5 40.2754
6 42.3341
7 44.272
8 46.1041
9 47.8427
10 49.4975
11 51.0769
12 52.5875
13 54.0351
14 55.4246
15 56.7604
16 58.0461
17 59.285
18 60.48
19 61.6336
20 62.7481
21 63.8255
22 64.8678
23 65.8765
24 66.8532
25 67.7992
26 68.7159
27 69.6044
28 70.4658
29 71.301
30 72.1109
31 72.8965
32 73.6584
33 74.3974
34 75.1142
35 75.8095
36 76.4837
37 77.1374
38 77.7713
39 78.3856
40 78.981
41 79.5578
42 80.1164
43 80.6573
44 81.1807
45 81.687
46 82.1765
47 82.6495
48 83.1063
49 83.5472
50 83.9724
51 84.3821
52 84.7766
53 85.1561
54 85.5208
55 85.8708
56 86.2064
57 86.5277
58 86.8349
59 87.1281
60 87.4075
61 87.6732
62 87.9253
63 88.1639
64 88.3892
65 88.6013
66 88.8002
67 88.986
68 89.1588
69 89.3188
70 89.4658
71 89.6002
72 89.7217
73 89.8307
74 89.927
75 90.0107
76 90.0819
77 90.1405
78 90.1867
79 90.2204
80 90.2416
81 90.2504
82 90.2467
83 90.2306
84 90.2021
85 90.161
86 90.1075
87 90.0415
88 89.9629
89 89.8718
90 89.7681
91 89.6517
92 89.5226
93 89.3808
94 89.2262
95 89.0587
96 88.8782
97 88.6847
98 88.4781
99 88.2582
100 88.0251
101 87.7786
102 87.5185
103 87.2448
104 86.9572
105 86.6558
106 86.3403
107 86.0106
108 85.6666
109 85.3079
110 84.9346
111 84.5463
112 84.1428
113 83.724
114 83.2896
115 82.8394
116 82.3731
117 81.8904
118 81.391
119 80.8747
120 80.3411
121 79.7898
122 79.2205
123 78.6329
124 78.0264
125 77.4006
126 76.7551
127 76.0894
128 75.4028
129 74.695
130 73.9652
131 73.2128
132 72.437
133 71.6372
134 70.8125
135 69.962
136 69.0848
137 68.1799
138 67.246
139 66.2821
140 65.2867
141 64.2585
142 63.1957
143 62.0967
144 60.9595
145 59.7818
146 58.5613
147 57.2953
148 55.9805
149 54.6136
150 53.1904
151 51.7063
152 50.1561
153 48.5332
154 46.8301
155 45.0378
156 43.1451
157 41.1382
158 38.9994
159 36.7058
160 34.2261
161 31.5165
162 28.5115