0 25.6394
1 29.162
2 32.2654
3 35.0608
4 37.6171
5 39.9802
6 42.1825
7 44.2481
8 46.1952
9 48.0384
10 49.7891
11 51.4568
12 53.0493
13 54.5732
14 56.0342
15 57.4369
16 58.7856
17 60.0838
18 61.335
19 62.5417
20 63.7066
21 64.8319
22 65.9197
23 66.9717
24 67.9897
25 68.9751
26 69.9293
27 70.8536
28 71.7492
29 72.617
30 73.4581
31 74.2735
32 75.0638
33 75.8299
34 76.5726
35 77.2925
36 77.9902
37 78.6664
38 79.3216
39 79.9562
40 80.5709
41 81.1659
42 81.7419
43 82.2991
44 82.838
45 83.3588
46 83.862
47 84.3479
48 84.8167
49 85.2687
50 85.7043
51 86.1236
52 86.5268
53 86.9143
54 87.2862
55 87.6427
56 87.984
57 88.3104
58 88.6218
59 88.9185
60 89.2007
61 89.4685
62 89.722
63 89.9614
64 90.1867
65 90.398
66 90.5955
67 90.7792
68 90.9493
69 91.1057
70 91.2487
71 91.3781
72 91.4942
73 91.5969
74 91.6863
75 91.7624
76 91.8253
77 91.875
78 91.9114
79 91.9347
80 91.9449
81 91.9419
82 91.9257
83 91.8963
84 91.8538
85 91.798
86 91.7291
87 91.6469
88 91.5514
89 91.4425
90 91.3203
91 91.1847
92 91.0355
93 90.8728
94 90.6965
95 90.5064
96 90.3026
97 90.0848
98 89.8531
99 89.6073
100 89.3472
101 89.0728
102 88.784
103 88.4805
104 88.1622
105 87.829
106 87.4808
107 87.1172
108 86.7382
109 86.3434
110 85.9328
111 85.5061
112 85.063
113 84.6033
114 84.1267
115 83.6329
116 83.1216
117 82.5925
118 82.0453
119 81.4795
120 80.8948
121 80.2908
122 79.667
123 79.023
124 78.3583
125 77.6723
126 76.9644
127 76.2341
128 75.4808
129 74.7036
130 73.9019
131 73.0748
132 72.2215
133 71.3411
134 70.4325
135 69.4945
136 68.5261
137 67.5259
138 66.4925
139 65.4243
140 64.3195
141 63.1762
142 61.9924
143 60.7656
144 59.4932
145 58.1721
146 56.7991
147 55.3702
148 53.881
149 52.3263
150 50.7001
151 48.9953
152 47.2034
153 45.314
154 43.3144
155 41.1886
156 38.9158
157 36.4686
158 33.8091
159 30.8826