0 27.7353
1 31.1836
2 34.2487
3 37.026
4 39.576
5 41.9404
6 44.1488
7 46.2236
8 48.1822
9 50.0381
10 51.8025
11 53.4843
12 55.0911
13 56.6293
14 58.1044
15 59.521
16 60.8833
17 62.1947
18 63.4585
19 64.6775
20 65.8541
21 66.9905
22 68.0889
23 69.1509
24 70.1783
25 71.1725
26 72.1349
27 73.0668
28 73.9693
29 74.8435
30 75.6904
31 76.5109
32 77.3057
33 78.0758
34 78.8218
35 79.5444
36 80.2442
37 80.9219
38 81.5779
39 82.2128
40 82.8271
41 83.4213
42 83.9957
43 84.5507
44 85.0868
45 85.6044
46 86.1036
47 86.5849
48 87.0486
49 87.4949
50 87.924
51 88.3364
52 88.7321
53 89.1114
54 89.4745
55 89.8216
56 90.1529
57 90.4686
58 90.7688
59 91.0537
60 91.3234
61 91.578
62 91.8178
63 92.0427
64 92.253
65 92.4486
66 92.6298
67 92.7965
68 92.9489
69 93.0871
70 93.211
71 93.3208
72 93.4165
73 93.4981
74 93.5658
75 93.6194
76 93.6591
77 93.6848
78 93.6966
79 93.6945
80 93.6784
81 93.6484
82 93.6045
83 93.5466
84 93.4746
85 93.3887
86 93.2887
87 93.1746
88 93.0463
89 92.9038
90 92.747
91 92.5759
92 92.3903
93 92.1902
94 91.9754
95 91.746
96 91.5017
97 91.2424
98 90.9681
99 90.6785
100 90.3736
101 90.0532
102 89.717
103 89.365
104 88.997
105 88.6127
106 88.2119
107 87.7945
108 87.3601
109 86.9085
110 86.4395
111 85.9527
112 85.4479
113 84.9247
114 84.3828
115 83.8219
116 83.2415
117 82.6412
118 82.0206
119 81.3793
120 80.7167
121 80.0323
122 79.3256
123 78.5959
124 77.8426
125 77.065
126 76.2624
127 75.434
128 74.5788
129 73.6961
130 72.7847
131 71.8436
132 70.8715
133 69.8673
134 68.8295
135 67.7565
136 66.6467
137 65.4982
138 64.3089
139 63.0765
140 61.7984
141 60.4718
142 59.0933
143 57.6592
144 56.1653
145 54.6067
146 52.9777
147 51.2715
148 49.4801
149 47.594
150 45.6015
151 43.4877
152 41.2343
153 38.8167
154 36.2022
155 33.3444
156 30.1743