0 25.9732
1 29.8558
2 33.2462
3 36.2827
4 39.0479
5 41.596
6 43.9647
7 46.1817
8 48.2679
9 50.2395
10 52.1096
11 53.8887
12 55.5856
13 57.2076
14 58.7609
15 60.2508
16 61.6819
17 63.0582
18 64.3832
19 65.6601
20 66.8915
21 68.08
22 69.2277
23 70.3367
24 71.4088
25 72.4455
26 73.4485
27 74.419
28 75.3583
29 76.2676
30 77.1479
31 78.0002
32 78.8255
33 79.6245
34 80.398
35 81.1468
36 81.8716
37 82.5729
38 83.2515
39 83.9077
40 84.5422
41 85.1554
42 85.7478
43 86.3199
44 86.8719
45 87.4044
46 87.9176
47 88.4119
48 88.8876
49 89.345
50 89.7843
51 90.206
52 90.6101
53 90.9969
54 91.3667
55 91.7197
56 92.056
57 92.3758
58 92.6793
59 92.9667
60 93.2381
61 93.4936
62 93.7334
63 93.9576
64 94.1663
65 94.3596
66 94.5376
67 94.7004
68 94.8481
69 94.9808
70 95.0984
71 95.2011
72 95.2889
73 95.3618
74 95.4199
75 95.4633
76 95.4918
77 95.5056
78 95.5047
79 95.489
80 95.4585
81 95.4133
82 95.3533
83 95.2784
84 95.1887
85 95.0841
86 94.9646
87 94.83
88 94.6804
89 94.5157
90 94.3357
91 94.1404
92 93.9297
93 93.7035
94 93.4617
95 93.2041
96 92.9307
97 92.6413
98 92.3357
99 92.0138
100 91.6753
101 91.3203
102 90.9483
103 90.5592
104 90.1529
105 89.729
106 89.2873
107 88.8276
108 88.3495
109 87.8528
110 87.3372
111 86.8022
112 86.2476
113 85.673
114 85.078
115 84.462
116 83.8248
117 83.1657
118 82.4843
119 81.78
120 81.0522
121 80.3002
122 79.5234
123 78.7211
124 77.8925
125 77.0366
126 76.1526
127 75.2395
128 74.2963
129 73.3217
130 72.3145
131 71.2733
132 70.1966
133 69.0828
134 67.9299
135 66.736
136 65.4989
137 64.2161
138 62.8847
139 61.5015
140 60.0631
141 58.5654
142 57.0036
143 55.3724
144 53.6654
145 51.8751
146 49.9926
147 48.0071
148 45.9052
149 43.67
150 41.28
151 38.7064
152 35.9098
153 32.8334