0 28.2269
1 32.0186
2 35.3634
3 38.3785
4 41.1365
5 43.6859
6 46.0616
7 48.289
8 50.388
9 52.3739
10 54.2592
11 56.0539
12 57.7667
13 59.4044
14 60.9733
15 62.4784
16 63.9243
17 65.3149
18 66.6537
19 67.9437
20 69.1877
21 70.3881
22 71.547
23 72.6666
24 73.7485
25 74.7945
26 75.8059
27 76.7842
28 77.7306
29 78.6463
30 79.5323
31 80.3896
32 81.2192
33 82.0217
34 82.7982
35 83.5491
36 84.2754
37 84.9775
38 85.6561
39 86.3118
40 86.9449
41 87.5562
42 88.1459
43 88.7146
44 89.2625
45 89.7902
46 90.298
47 90.7861
48 91.255
49 91.7048
50 92.136
51 92.5487
52 92.9432
53 93.3197
54 93.6784
55 94.0196
56 94.3434
57 94.6501
58 94.9397
59 95.2124
60 95.4685
61 95.7079
62 95.9309
63 96.1375
64 96.3279
65 96.5022
66 96.6603
67 96.8025
68 96.9288
69 97.0393
70 97.1339
71 97.2128
72 97.276
73 97.3235
74 97.3554
75 97.3716
76 97.3722
77 97.3571
78 97.3264
79 97.2801
80 97.218
81 97.1403
82 97.0468
83 96.9376
84 96.8124
85 96.6714
86 96.5144
87 96.3414
88 96.1522
89 95.9468
90 95.725
91 95.4868
92 95.232
93 94.9605
94 94.6721
95 94.3667
96 94.0442
97 93.7043
98 93.3469
99 92.9717
100 92.5785
101 92.1672
102 91.7374
103 91.2889
104 90.8215
105 90.3348
106 89.8285
107 89.3023
108 88.7559
109 88.1888
110 87.6006
111 86.991
112 86.3594
113 85.7055
114 85.0286
115 84.3282
116 83.6038
117 82.8547
118 82.0802
119 81.2795
120 80.452
121 79.5968
122 78.713
123 77.7995
124 76.8554
125 75.8795
126 74.8706
127 73.8273
128 72.748
129 71.6313
130 70.4753
131 69.2781
132 68.0374
133 66.7509
134 65.4158
135 64.0292
136 62.5875
137 61.0869
138 59.523
139 57.8905
140 56.1836
141 54.3952
142 52.5169
143 50.5389
144 48.4488
145 46.2314
146 43.8676
147 41.3321
148 38.591
149 35.5971
150 32.2799