0 30.5211
1 34.2395
2 37.5481
3 40.5473
4 43.3014
5 45.8547
6 48.239
7 50.4783
8 52.5911
9 54.592
10 56.4931
11 58.304
12 60.0329
13 61.6868
14 63.2714
15 64.7919
16 66.2527
17 67.6576
18 69.0101
19 70.3132
20 71.5696
21 72.7817
22 73.9517
23 75.0816
24 76.173
25 77.2278
26 78.2473
27 79.2329
28 80.1859
29 81.1074
30 81.9985
31 82.8602
32 83.6933
33 84.4987
34 85.2772
35 86.0295
36 86.7564
37 87.4584
38 88.1361
39 88.7901
40 89.421
41 90.0291
42 90.615
43 91.179
44 91.7217
45 92.2433
46 92.7443
47 93.2249
48 93.6855
49 94.1263
50 94.5477
51 94.9498
52 95.333
53 95.6975
54 96.0435
55 96.3711
56 96.6806
57 96.9722
58 97.2459
59 97.502
60 97.7406
61 97.9618
62 98.1657
63 98.3525
64 98.5222
65 98.675
66 98.8109
67 98.9299
68 99.0322
69 99.1177
70 99.1866
71 99.2389
72 99.2746
73 99.2936
74 99.2961
75 99.282
76 99.2514
77 99.2041
78 99.1402
79 99.0597
80 98.9624
81 98.8484
82 98.7176
83 98.57
84 98.4054
85 98.2237
86 98.025
87 97.8089
88 97.5756
89 97.3248
90 97.0564
91 96.7702
92 96.4661
93 96.1439
94 95.8035
95 95.4446
96 95.0671
97 94.6706
98 94.2551
99 93.8201
100 93.3655
101 92.891
102 92.3962
103 91.8808
104 91.3445
105 90.7869
106 90.2076
107 89.6062
108 88.9823
109 88.3353
110 87.6647
111 86.9701
112 86.2508
113 85.5062
114 84.7356
115 83.9384
116 83.1137
117 82.2607
118 81.3786
119 80.4664
120 79.523
121 78.5473
122 77.5381
123 76.4941
124 75.4138
125 74.2957
126 73.138
127 71.9388
128 70.6959
129 69.4072
130 68.0698
131 66.681
132 65.2374
133 63.7353
134 62.1704
135 60.538
136 58.8323
137 57.0469
138 55.1739
139 53.2041
140 51.1263
141 48.9268
142 46.5884
143 44.0889
144 41.3991
145 38.4793
146 35.2722
147 31.6909