0 28.6934
1 32.8752
2 36.5333
3 39.8123
4 42.7995
5 45.5523
6 48.111
7 50.5051
8 52.7569
9 54.884
10 56.9004
11 58.8175
12 60.6447
13 62.3899
14 64.0598
15 65.6601
16 67.1958
17 68.6713
18 70.0904
19 71.4563
20 72.7721
21 74.0406
22 75.264
23 76.4445
24 77.5841
25 78.6846
26 79.7475
27 80.7745
28 81.7667
29 82.7256
30 83.6522
31 84.5475
32 85.4126
33 86.2484
34 87.0557
35 87.8353
36 88.588
37 89.3144
38 90.0151
39 90.6908
40 91.342
41 91.9692
42 92.5729
43 93.1536
44 93.7117
45 94.2476
46 94.7617
47 95.2542
48 95.7257
49 96.1763
50 96.6064
51 97.0163
52 97.4061
53 97.7761
54 98.1266
55 98.4578
56 98.7698
57 99.0629
58 99.3372
59 99.5928
60 99.83
61 100.0488
62 100.2493
63 100.4317
64 100.5961
65 100.7425
66 100.8711
67 100.9818
68 101.0748
69 101.1501
70 101.2078
71 101.2479
72 101.2703
73 101.2751
74 101.2624
75 101.2321
76 101.1841
77 101.1186
78 101.0353
79 100.9344
80 100.8156
81 100.6791
82 100.5246
83 100.3522
84 100.1617
85 99.9529
86 99.726
87 99.4805
88 99.2166
89 98.9339
90 98.6323
91 98.3117
92 97.9719
93 97.6127
94 97.2338
95 96.835
96 96.4162
97 95.9769
98 95.517
99 95.0361
100 94.5339
101 94.0101
102 93.4643
103 92.8961
104 92.3052
105 91.691
106 91.0531
107 90.391
108 89.7041
109 88.992
110 88.2539
111 87.4892
112 86.6973
113 85.8773
114 85.0285
115 84.1499
116 83.2407
117 82.2998
118 81.3262
119 80.3185
120 79.2756
121 78.196
122 77.0782
123 75.9205
124 74.721
125 73.4777
126 72.1883
127 70.8504
128 69.461
129 68.0171
130 66.5151
131 64.951
132 63.3202
133 61.6173
134 59.8363
135 57.9698
136 56.0095
137 53.945
138 51.7639
139 49.4507
140 46.986
141 44.3445
142 41.4924
143 38.3829
144 34.9472