0 31.2247
1 35.3066
2 38.9136
3 42.1678
4 45.1456
5 47.8985
6 50.4634
7 52.8676
8 55.1322
9 57.2737
10 59.3054
11 61.2384
12 63.0816
13 64.8427
14 66.5282
15 68.1438
16 69.6943
17 71.184
18 72.6166
19 73.9954
20 75.3233
21 76.6031
22 77.8371
23 79.0275
24 80.1761
25 81.2848
26 82.3551
27 83.3886
28 84.3866
29 85.3503
30 86.2809
31 87.1795
32 88.047
33 88.8843
34 89.6924
35 90.4719
36 91.2236
37 91.9482
38 92.6463
39 93.3185
40 93.9655
41 94.5876
42 95.1853
43 95.7592
44 96.3097
45 96.8371
46 97.3419
47 97.8244
48 98.2848
49 98.7236
50 99.141
51 99.5373
52 99.9127
53 100.2674
54 100.6018
55 100.9159
56 101.21
57 101.4843
58 101.7388
59 101.9739
60 102.1895
61 102.3858
62 102.5629
63 102.721
64 102.8601
65 102.9803
66 103.0816
67 103.1641
68 103.2279
69 103.273
70 103.2994
71 103.3071
72 103.2961
73 103.2665
74 103.2182
75 103.1512
76 103.0654
77 102.9608
78 102.8374
79 102.695
80 102.5336
81 102.3532
82 102.1535
83 101.9346
84 101.6962
85 101.4382
86 101.1605
87 100.863
88 100.5454
89 100.2075
90 99.8492
91 99.4702
92 99.0703
93 98.6492
94 98.2067
95 97.7424
96 97.2561
97 96.7475
98 96.2161
99 95.6616
100 95.0836
101 94.4816
102 93.8553
103 93.204
104 92.5273
105 91.8247
106 91.0954
107 90.339
108 89.5546
109 88.7415
110 87.899
111 87.0262
112 86.1221
113 85.1859
114 84.2163
115 83.2123
116 82.1725
117 81.0956
118 79.9802
119 78.8245
120 77.6267
121 76.3849
122 75.097
123 73.7604
124 72.3725
125 70.9303
126 69.4304
127 67.8689
128 66.2416
129 64.5434
130 62.7686
131 60.9104
132 58.9611
133 56.9112
134 54.7494
135 52.462
136 50.0316
137 47.4364
138 44.6475
139 41.6261
140 38.3171
141 34.6384