0 33.8347
1 37.8311
2 41.3935
3 44.6258
4 47.5956
5 50.3491
6 52.9202
7 55.3343
8 57.6112
9 59.7665
10 61.813
11 63.7611
12 65.6195
13 67.3959
14 69.0963
15 70.7264
16 72.2908
17 73.7939
18 75.2391
19 76.6299
20 77.969
21 79.2593
22 80.5029
23 81.702
24 82.8586
25 83.9743
26 85.0509
27 86.0898
28 87.0923
29 88.0597
30 88.9931
31 89.8936
32 90.7622
33 91.5997
34 92.407
35 93.185
36 93.9342
37 94.6555
38 95.3494
39 96.0165
40 96.6575
41 97.2727
42 97.8628
43 98.428
44 98.969
45 99.486
46 99.9795
47 100.4497
48 100.8971
49 101.3218
50 101.7243
51 102.1047
52 102.4634
53 102.8004
54 103.1161
55 103.4107
56 103.6843
57 103.937
58 104.1691
59 104.3807
60 104.5719
61 104.7428
62 104.8935
63 105.0241
64 105.1347
65 105.2253
66 105.296
67 105.3468
68 105.3778
69 105.3889
70 105.3803
71 105.3518
72 105.3035
73 105.2353
74 105.1472
75 105.0391
76 104.9111
77 104.7629
78 104.5946
79 104.406
80 104.197
81 103.9675
82 103.7173
83 103.4464
84 103.1545
85 102.8414
86 102.5071
87 102.1512
88 101.7735
89 101.3738
90 100.9519
91 100.5074
92 100.0401
93 99.5496
94 99.0355
95 98.4976
96 97.9354
97 97.3485
98 96.7365
99 96.0988
100 95.435
101 94.7445
102 94.0268
103 93.2811
104 92.5068
105 91.7032
106 90.8696
107 90.005
108 89.1086
109 88.1794
110 87.2163
111 86.2183
112 85.1841
113 84.1123
114 83.0016
115 81.8502
116 80.6566
117 79.4187
118 78.1345
119 76.8016
120 75.4175
121 73.9793
122 72.4838
123 70.9273
124 69.3058
125 67.6145
126 65.8481
127 64.0003
128 62.064
129 60.0305
130 57.8895
131 55.6288
132 53.233
133 50.683
134 47.9541
135 45.0139
136 41.8178
137 38.3019