0 19.6824
1 21.9809
2 24.0411
3 25.92
4 27.6545
5 29.2704
6 30.7862
7 32.2161
8 33.5711
9 34.86
10 36.0898
11 37.2663
12 38.3945
13 39.4785
14 40.5219
15 41.5277
16 42.4985
17 43.4368
18 44.3446
19 45.2237
20 46.0758
21 46.9024
22 47.7047
23 48.484
24 49.2414
25 49.9778
26 50.6942
27 51.3914
28 52.0703
29 52.7314
30 53.3754
31 54.0031
32 54.6148
33 55.2113
34 55.7929
35 56.36
36 56.9133
37 57.453
38 57.9795
39 58.4931
40 58.9943
41 59.4834
42 59.9605
43 60.4261
44 60.8803
45 61.3235
46 61.7558
47 62.1775
48 62.5889
49 62.99
50 63.3811
51 63.7625
52 64.1341
53 64.4964
54 64.8493
55 65.193
56 65.5277
57 65.8535
58 66.1706
59 66.4791
60 66.7791
61 67.0706
62 67.3539
63 67.629
64 67.8961
65 68.1551
66 68.4063
67 68.6497
68 68.8853
69 69.1133
70 69.3337
71 69.5466
72 69.7521
73 69.9502
74 70.1411
75 70.3247
76 70.5011
77 70.6704
78 70.8326
79 70.9877
80 71.1359
81 71.2772
82 71.4115
83 71.539
84 71.6597
85 71.7735
86 71.8806
87 71.981
88 72.0747
89 72.1617
90 72.2421
91 72.3158
92 72.3829
93 72.4435
94 72.4975
95 72.5449
96 72.5857
97 72.6201
98 72.6479
99 72.6692
100 72.684
101 72.6922
102 72.694
103 72.6893
104 72.678
105 72.6603
106 72.636
107 72.6052
108 72.5679
109 72.5241
110 72.4737
111 72.4167
112 72.3532
113 72.2831
114 72.2063
115 72.1229
116 72.0329
117 71.9362
118 71.8327
119 71.7225
120 71.6056
121 71.4818
122 71.3512
123 71.2137
124 71.0693
125 70.918
126 70.7596
127 70.5942
128 70.4217
129 70.242
130 70.0551
131 69.861
132 69.6595
133 69.4506
134 69.2343
135 69.0104
136 68.779
137 68.5398
138 68.2929
139 68.0382
140 67.7755
141 67.5048
142 67.226
143 66.9389
144 66.6436
145 66.3397
146 66.0274
147 65.7063
148 65.3764
149 65.0376
150 64.6898
151 64.3326
152 63.9661
153 63.5901
154 63.2043
155 62.8086
156 62.4029
157 61.9869
158 61.5603
159 61.1231
160 60.6749
161 60.2156
162 59.7448
163 59.2622
164 58.7677
165 58.2609
166 57.7414
167 57.2089
168 56.6631
169 56.1036
170 55.5299
171 54.9416
172 54.3383
173 53.7194
174 53.0843
175 52.4326
176 51.7635
177 51.0764
178 50.3705
179 49.6451
180 48.8993
181 48.132
182 47.3424
183 46.5292
184 45.6912
185 44.827
186 43.935
187 43.0136
188 42.0607
189 41.0743
190 40.0518
191 38.9903
192 37.8866
193 36.737
194 35.5369
195 34.281
196 32.963
197 31.5751
198 30.1076
199 28.5482
200 26.881
201 25.0845
202 23.1286