0 32.0763
1 36.5423
2 40.4632
3 43.985
4 47.197
5 50.1589
6 52.9126
7 55.4892
8 57.9122
9 60.2003
10 62.3683
11 64.4284
12 66.3905
13 68.2631
14 70.0534
15 71.7676
16 73.4109
17 74.9881
18 76.5033
19 77.96
20 79.3614
21 80.7105
22 82.0099
23 83.2618
24 84.4684
25 85.6315
26 86.753
27 87.8345
28 88.8773
29 89.8829
30 90.8524
31 91.7871
32 92.6879
33 93.5559
34 94.3919
35 95.1968
36 95.9714
37 96.7164
38 97.4325
39 98.1203
40 98.7805
41 99.4135
42 100.0198
43 100.6
44 101.1546
45 101.6838
46 102.1882
47 102.6681
48 103.1238
49 103.5556
50 103.9639
51 104.349
52 104.711
53 105.0502
54 105.3668
55 105.6611
56 105.9333
57 106.1834
58 106.4116
59 106.6182
60 106.8032
61 106.9667
62 107.1089
63 107.2297
64 107.3294
65 107.4078
66 107.4652
67 107.5015
68 107.5168
69 107.511
70 107.4841
71 107.4362
72 107.3672
73 107.2771
74 107.1658
75 107.0332
76 106.8793
77 106.704
78 106.5072
79 106.2887
80 106.0484
81 105.7862
82 105.5019
83 105.1953
84 104.8662
85 104.5145
86 104.1399
87 103.7421
88 103.3208
89 102.8759
90 102.4069
91 101.9136
92 101.3956
93 100.8524
94 100.2838
95 99.6893
96 99.0683
97 98.4204
98 97.7451
99 97.0418
100 96.3099
101 95.5487
102 94.7575
103 93.9355
104 93.082
105 92.1961
106 91.2768
107 90.323
108 89.3338
109 88.3079
110 87.244
111 86.1407
112 84.9964
113 83.8096
114 82.5783
115 81.3006
116 79.9741
117 78.5965
118 77.165
119 75.6766
120 74.1278
121 72.5147
122 70.833
123 69.0776
124 67.2428
125 65.3219
126 63.307
127 61.1889
128 58.9564
129 56.596
130 54.091
131 51.4203
132 48.5564
133 45.4629
134 42.0893
135 38.3616