0 35.0218
1 39.3641
2 43.2161
3 46.6993
4 49.8912
5 52.8443
6 55.5969
7 58.1774
8 60.6078
9 62.9054
10 65.0844
11 67.1563
12 69.1307
13 71.0158
14 72.8184
15 74.5446
16 76.1996
17 77.7879
18 79.3135
19 80.78
20 82.1905
21 83.5479
22 84.8547
23 86.1133
24 87.3256
25 88.4937
26 89.6192
27 90.7037
28 91.7487
29 92.7555
30 93.7253
31 94.6593
32 95.5586
33 96.4241
34 97.2566
35 98.0571
36 98.8264
37 99.5651
38 100.2739
39 100.9534
40 101.6043
41 102.2271
42 102.8223
43 103.3903
44 103.9317
45 104.4468
46 104.936
47 105.3997
48 105.8382
49 106.2518
50 106.6409
51 107.0056
52 107.3463
53 107.6631
54 107.9564
55 108.2261
56 108.4726
57 108.696
58 108.8965
59 109.0741
60 109.229
61 109.3613
62 109.471
63 109.5582
64 109.623
65 109.6655
66 109.6855
67 109.6833
68 109.6586
69 109.6117
70 109.5423
71 109.4505
72 109.3362
73 109.1993
74 109.0398
75 108.8576
76 108.6525
77 108.4244
78 108.1732
79 107.8987
80 107.6007
81 107.279
82 106.9334
83 106.5638
84 106.1697
85 105.7511
86 105.3075
87 104.8386
88 104.3442
89 103.8237
90 103.277
91 102.7035
92 102.1027
93 101.4743
94 100.8176
95 100.1321
96 99.4173
97 98.6725
98 97.897
99 97.09
100 96.2508
101 95.3786
102 94.4723
103 93.5311
104 92.5538
105 91.5394
106 90.4864
107 89.3937
108 88.2597
109 87.0828
110 85.8612
111 84.5931
112 83.2762
113 81.9082
114 80.4865
115 79.0083
116 77.4702
117 75.8687
118 74.1996
119 72.4583
120 70.6394
121 68.7368
122 66.7433
123 64.6505
124 62.4484
125 60.125
126 57.6656
127 55.0521
128 52.2613
129 49.263
130 46.0169
131 42.466
132 38.5261