0 33.2403
1 38.0837
2 42.3145
3 46.1015
4 49.5468
5 52.7172
6 55.6598
7 58.4091
8 60.9912
9 63.4264
10 65.7312
11 67.9188
12 70.0003
13 71.9847
14 73.8799
15 75.6927
16 77.4288
17 79.0933
18 80.6906
19 82.2246
20 83.6988
21 85.1163
22 86.4799
23 87.7921
24 89.0552
25 90.2712
26 91.4421
27 92.5695
28 93.6549
29 94.6999
30 95.7058
31 96.6738
32 97.605
33 98.5005
34 99.3611
35 100.1879
36 100.9817
37 101.7432
38 102.4731
39 103.1722
40 103.8409
41 104.4801
42 105.09
43 105.6714
44 106.2246
45 106.75
46 107.2482
47 107.7194
48 108.164
49 108.5823
50 108.9747
51 109.3415
52 109.6828
53 109.9989
54 110.2901
55 110.5565
56 110.7982
57 111.0156
58 111.2087
59 111.3776
60 111.5225
61 111.6434
62 111.7404
63 111.8137
64 111.8631
65 111.8888
66 111.8908
67 111.8691
68 111.8236
69 111.7544
70 111.6614
71 111.5445
72 111.4036
73 111.2387
74 111.0497
75 110.8364
76 110.5987
77 110.3365
78 110.0495
79 109.7376
80 109.4005
81 109.038
82 108.65
83 108.236
84 107.7958
85 107.3291
86 106.8355
87 106.3146
88 105.7661
89 105.1895
90 104.5844
91 103.9502
92 103.2864
93 102.5925
94 101.8678
95 101.1117
96 100.3234
97 99.5022
98 98.6472
99 97.7577
100 96.8326
101 95.8708
102 94.8714
103 93.833
104 92.7544
105 91.6342
106 90.4708
107 89.2624
108 88.0074
109 86.7036
110 85.3488
111 83.9405
112 82.476
113 80.9523
114 79.3659
115 77.7129
116 75.9892
117 74.1896
118 72.3087
119 70.3397
120 68.2751
121 66.1061
122 63.8218
123 61.4094
124 58.8533
125 56.1337
126 53.2257
127 50.0963
128 46.7012
129 42.9774
130 38.8304