0 36.6115
1 41.2786
2 45.4059
3 49.1297
4 52.5358
5 55.6826
6 58.6119
7 61.3547
8 63.9352
9 66.3723
10 68.6811
11 70.8743
12 72.9623
13 74.9539
14 76.8566
15 78.6767
16 80.42
17 82.0913
18 83.695
19 85.2348
20 86.7141
21 88.1361
22 89.5034
23 90.8185
24 92.0836
25 93.3008
26 94.472
27 95.5987
28 96.6826
29 97.7252
30 98.7276
31 99.6911
32 100.6169
33 101.5059
34 102.3592
35 103.1776
36 103.9619
37 104.7129
38 105.4313
39 106.1178
40 106.773
41 107.3975
42 107.9917
43 108.5563
44 109.0916
45 109.598
46 110.0761
47 110.5261
48 110.9484
49 111.3433
50 111.7111
51 112.0521
52 112.3664
53 112.6544
54 112.9163
55 113.1521
56 113.3621
57 113.5465
58 113.7052
59 113.8386
60 113.9465
61 114.0292
62 114.0867
63 114.1189
64 114.126
65 114.1079
66 114.0646
67 113.9961
68 113.9024
69 113.7834
70 113.6389
71 113.469
72 113.2734
73 113.0521
74 112.8049
75 112.5317
76 112.2322
77 111.9062
78 111.5535
79 111.1739
80 110.767
81 110.3327
82 109.8704
83 109.38
84 108.861
85 108.3129
86 107.7354
87 107.128
88 106.4902
89 105.8214
90 105.121
91 104.3884
92 103.6229
93 102.8238
94 101.9903
95 101.1215
96 100.2165
97 99.2743
98 98.2939
99 97.2741
100 96.2136
101 95.1111
102 93.9652
103 92.7741
104 91.5362
105 90.2494
106 88.9118
107 87.5209
108 86.0742
109 84.5688
110 83.0015
111 81.3687
112 79.6665
113 77.8902
114 76.0347
115 74.094
116 72.0612
117 69.9283
118 67.6859
119 65.3227
120 62.825
121 60.176
122 57.3549
123 54.3349
124 51.0806
125 47.5439
126 43.6564
127 39.314