0 34.9396
1 40.1117
2 44.6196
3 48.6483
4 52.3087
5 55.6734
6 58.7932
7 61.7053
8 64.4378
9 67.0128
10 69.4477
11 71.7568
12 73.9519
13 76.0428
14 78.038
15 79.9446
16 81.7688
17 83.516
18 85.191
19 86.7978
20 88.3403
21 89.8218
22 91.2451
23 92.6131
24 93.9281
25 95.1924
26 96.4078
27 97.5763
28 98.6995
29 99.7789
30 100.816
31 101.812
32 102.7682
33 103.6856
34 104.5652
35 105.4081
36 106.215
37 106.9868
38 107.7243
39 108.4281
40 109.0988
41 109.7372
42 110.3438
43 110.9191
44 111.4635
45 111.9775
46 112.4616
47 112.9161
48 113.3414
49 113.7377
50 114.1055
51 114.445
52 114.7564
53 115.04
54 115.2959
55 115.5244
56 115.7256
57 115.8997
58 116.0467
59 116.1668
60 116.2601
61 116.3266
62 116.3664
63 116.3795
64 116.3659
65 116.3256
66 116.2586
67 116.1648
68 116.0442
69 115.8966
70 115.722
71 115.5203
72 115.2913
73 115.0348
74 114.7507
75 114.4388
76 114.0988
77 113.7304
78 113.3335
79 112.9077
80 112.4526
81 111.968
82 111.4533
83 110.9083
84 110.3325
85 109.7253
86 109.0863
87 108.4149
88 107.7105
89 106.9723
90 106.1999
91 105.3923
92 104.5487
93 103.6684
94 102.7503
95 101.7934
96 100.7966
97 99.7587
98 98.6784
99 97.5544
100 96.385
101 95.1686
102 93.9035
103 92.5874
104 91.2184
105 89.794
106 88.3114
107 86.7677
108 85.1595
109 83.4833
110 81.7346
111 79.9089
112 78.0007
113 76.0037
114 73.9109
115 71.7137
116 69.4023
117 66.9648
118 64.387
119 61.6513
120 58.7355
121 55.6114
122 52.2416
123 48.5749
124 44.5382
125 40.0197