0 38.8242
1 43.7563
2 48.1166
3 52.0489
4 55.6441
5 58.9638
6 62.0523
7 64.9426
8 67.66
9 70.2247
10 72.6528
11 74.9576
12 77.1502
13 79.2398
14 81.2344
15 83.1409
16 84.9651
17 86.7124
18 88.3871
19 89.9935
20 91.535
21 93.015
22 94.4362
23 95.8014
24 97.1129
25 98.3727
26 99.583
27 100.7455
28 101.8617
29 102.9333
30 103.9616
31 104.9478
32 105.8932
33 106.7989
34 107.6657
35 108.4947
36 109.2868
37 110.0426
38 110.7631
39 111.4488
40 112.1003
41 112.7184
42 113.3034
43 113.8561
44 114.3767
45 114.8657
46 115.3236
47 115.7508
48 116.1474
49 116.514
50 116.8506
51 117.1577
52 117.4354
53 117.684
54 117.9036
55 118.0944
56 118.2565
57 118.3901
58 118.4952
59 118.5719
60 118.6203
61 118.6404
62 118.6323
63 118.5958
64 118.5311
65 118.438
66 118.3164
67 118.1664
68 117.9877
69 117.7803
70 117.544
71 117.2787
72 116.984
73 116.6599
74 116.306
75 115.9221
76 115.5079
77 115.0631
78 114.5872
79 114.08
80 113.5409
81 112.9697
82 112.3656
83 111.7283
84 111.0571
85 110.3514
86 109.6106
87 108.834
88 108.0207
89 107.1699
90 106.2808
91 105.3523
92 104.3835
93 103.3731
94 102.32
95 101.2228
96 100.0801
97 98.8902
98 97.6515
99 96.3621
100 95.0199
101 93.6227
102 92.1679
103 90.6528
104 89.0742
105 87.4288
106 85.7127
107 83.9216
108 82.0506
109 80.094
110 78.0454
111 75.8974
112 73.6413
113 71.2668
114 68.7616
115 66.111
116 63.2965
117 60.2953
118 57.078
119 53.6055
120 49.8248
121 45.6591