0 37.4361
1 42.8382
2 47.5555
3 51.7755
4 55.6116
5 59.1385
6 62.4087
7 65.4606
8 68.3235
9 71.0203
10 73.5692
11 75.9851
12 78.2803
13 80.4652
14 82.5484
15 84.5377
16 86.4393
17 88.259
18 90.0018
19 91.672
20 93.2736
21 94.8099
22 96.2842
23 97.6993
24 99.0576
25 100.3615
26 101.6131
27 102.8144
28 103.9669
29 105.0724
30 106.1323
31 107.148
32 108.1206
33 109.0515
34 109.9416
35 110.7918
36 111.6032
37 112.3766
38 113.1127
39 113.8123
40 114.476
41 115.1044
42 115.6982
43 116.2578
44 116.7838
45 117.2766
46 117.7366
47 118.1642
48 118.5598
49 118.9236
50 119.256
51 119.5572
52 119.8275
53 120.0671
54 120.2761
55 120.4547
56 120.6031
57 120.7213
58 120.8095
59 120.8677
60 120.8959
61 120.8942
62 120.8626
63 120.8011
64 120.7096
65 120.5879
66 120.4362
67 120.2542
68 120.0417
69 119.7987
70 119.525
71 119.2203
72 118.8844
73 118.517
74 118.1178
75 117.6866
76 117.2229
77 116.7265
78 116.1967
79 115.6333
80 115.0356
81 114.4033
82 113.7356
83 113.0319
84 112.2917
85 111.5141
86 110.6984
87 109.8437
88 108.9491
89 108.0136
90 107.0362
91 106.0156
92 104.9506
93 103.84
94 102.682
95 101.4753
96 100.2179
97 98.908
98 97.5434
99 96.1218
100 94.6407
101 93.0972
102 91.4881
103 89.8099
104 88.0588
105 86.2301
106 84.3189
107 82.3195
108 80.2252
109 78.0284
110 75.7202
111 73.29
112 70.7254
113 68.0109
114 65.1281
115 62.0533
116 58.7564
117 55.1978
118 51.3228
119 47.0536
120 42.2707