0 41.898
1 46.9943
2 51.5141
3 55.5981
4 59.3365
5 62.7909
6 66.006
7 69.0152
8 71.8445
9 74.5142
10 77.041
11 79.4386
12 81.7182
13 83.8896
14 85.9609
15 87.9392
16 89.8306
17 91.6406
18 93.3738
19 95.0344
20 96.6263
21 98.1527
22 99.6167
23 101.0209
24 102.3679
25 103.6598
26 104.8987
27 106.0865
28 107.2248
29 108.3152
30 109.3591
31 110.358
32 111.3129
33 112.2249
34 113.0953
35 113.9248
36 114.7144
37 115.4648
38 116.177
39 116.8515
40 117.4889
41 118.09
42 118.6553
43 119.1852
44 119.6802
45 120.1408
46 120.5674
47 120.9602
48 121.3198
49 121.6462
50 121.9399
51 122.201
52 122.4298
53 122.6264
54 122.7909
55 122.9236
56 123.0246
57 123.0938
58 123.1313
59 123.1373
60 123.1116
61 123.0543
62 122.9653
63 122.8446
64 122.692
65 122.5075
66 122.2908
67 122.0419
68 121.7605
69 121.4464
70 121.0993
71 120.7191
72 120.3052
73 119.8575
74 119.3754
75 118.8587
76 118.3068
77 117.7193
78 117.0955
79 116.435
80 115.7372
81 115.0012
82 114.2264
83 113.412
84 112.5571
85 111.6609
86 110.7222
87 109.74
88 108.7132
89 107.6404
90 106.5203
91 105.3513
92 104.1319
93 102.8601
94 101.5341
95 100.1517
96 98.7105
97 97.2079
98 95.6411
99 94.0067
100 92.3012
101 90.5206
102 88.6605
103 86.7155
104 84.68
105 82.5471
106 80.3092
107 77.9573
108 75.4805
109 72.8663
110 70.0992
111 67.1604
112 64.0262
113 60.6663
114 57.0409
115 53.0956
116 48.7528
117 43.8947