0 40.9815
1 46.4718
2 51.2974
3 55.6314
4 59.5812
5 63.2189
6 66.5957
7 69.7495
8 72.7092
9 75.4977
10 78.1334
11 80.6312
12 83.0035
13 85.261
14 87.4124
15 89.4653
16 91.4266
17 93.3018
18 95.0962
19 96.8141
20 98.4597
21 100.0364
22 101.5475
23 102.9959
24 104.3842
25 105.7147
26 106.9896
27 108.2109
28 109.3804
29 110.4997
30 111.5703
31 112.5936
32 113.5709
33 114.5034
34 115.3921
35 116.2381
36 117.0423
37 117.8055
38 118.5285
39 119.2122
40 119.857
41 120.4637
42 121.0329
43 121.565
44 122.0605
45 122.52
46 122.9437
47 123.3321
48 123.6855
49 124.0042
50 124.2884
51 124.5385
52 124.7545
53 124.9368
54 125.0853
55 125.2003
56 125.2819
57 125.33
58 125.3448
59 125.3263
60 125.2744
61 125.1891
62 125.0703
63 124.9179
64 124.7319
65 124.512
66 124.2581
67 123.97
68 123.6475
69 123.2901
70 122.8978
71 122.47
72 122.0066
73 121.5069
74 120.9707
75 120.3973
76 119.7864
77 119.1372
78 118.4492
79 117.7216
80 116.9538
81 116.145
82 115.2943
83 114.4007
84 113.4632
85 112.4808
86 111.4522
87 110.3762
88 109.2513
89 108.0761
90 106.8489
91 105.5678
92 104.2309
93 102.836
94 101.3807
95 99.8623
96 98.278
97 96.6245
98 94.8981
99 93.0949
100 91.2102
101 89.239
102 87.1753
103 85.0124
104 82.7425
105 80.3566
106 77.8439
107 75.1918
108 72.385
109 69.4047
110 66.2275
111 62.8234
112 59.1534
113 55.1644
114 50.7813
115 45.8913