0 40.149
1 46.037
2 51.1656
3 55.7448
4 59.9007
5 63.7163
6 67.2494
7 70.5426
8 73.628
9 76.5307
10 79.2709
11 81.8649
12 84.3261
13 86.6659
14 88.8938
15 91.0181
16 93.0459
17 94.9833
18 96.8357
19 98.6081
20 100.3045
21 101.9289
22 103.4845
23 104.9745
24 106.4016
25 107.7683
26 109.0768
27 110.3293
28 111.5277
29 112.6736
30 113.7686
31 114.8142
32 115.8118
33 116.7625
34 117.6676
35 118.528
36 119.3447
37 120.1186
38 120.8506
39 121.5413
40 122.1915
41 122.8019
42 123.3729
43 123.9053
44 124.3994
45 124.8557
46 125.2746
47 125.6566
48 126.0019
49 126.3108
50 126.5836
51 126.8206
52 127.0219
53 127.1878
54 127.3182
55 127.4135
56 127.4735
57 127.4985
58 127.4883
59 127.4431
60 127.3627
61 127.2471
62 127.0962
63 126.9099
64 126.6879
65 126.4303
66 126.1366
67 125.8067
68 125.4402
69 125.0369
70 124.5964
71 124.1183
72 123.6021
73 123.0474
74 122.4537
75 121.8204
76 121.1468
77 120.4323
78 119.6762
79 118.8777
80 118.0358
81 117.1497
82 116.2184
83 115.2407
84 114.2155
85 113.1414
86 112.0172
87 110.8412
88 109.6117
89 108.327
90 106.9851
91 105.5838
92 104.1207
93 102.5931
94 100.9981
95 99.3325
96 97.5926
97 95.7745
98 93.8735
99 91.8846
100 89.8018
101 87.6185
102 85.327
103 82.9183
104 80.3818
105 77.7051
106 74.8731
107 71.8674
108 68.6654
109 65.2379
110 61.5475
111 57.5434
112 53.155
113 48.2775