0 17.1338
1 19.6534
2 21.8644
3 23.8527
4 25.6702
5 27.3509
6 28.9186
7 30.3909
8 31.781
9 33.0993
10 34.3541
11 35.552
12 36.6986
13 37.7987
14 38.8562
15 39.8743
16 40.8562
17 41.8044
18 42.721
19 43.6081
20 44.4674
21 45.3006
22 46.1091
23 46.894
24 47.6567
25 48.3981
26 49.1192
27 49.8209
28 50.5039
29 51.1692
30 51.8172
31 52.4487
32 53.0643
33 53.6645
34 54.2497
35 54.8206
36 55.3775
37 55.9209
38 56.4511
39 56.9686
40 57.4736
41 57.9664
42 58.4475
43 58.917
44 59.3753
45 59.8226
46 60.2592
47 60.6852
48 61.101
49 61.5067
50 61.9024
51 62.2885
52 62.6651
53 63.0323
54 63.3904
55 63.7394
56 64.0795
57 64.4109
58 64.7337
59 65.048
60 65.3539
61 65.6516
62 65.9412
63 66.2227
64 66.4964
65 66.7622
66 67.0202
67 67.2707
68 67.5136
69 67.749
70 67.977
71 68.1977
72 68.4111
73 68.6174
74 68.8165
75 69.0086
76 69.1936
77 69.3718
78 69.543
79 69.7074
80 69.865
81 70.0159
82 70.1601
83 70.2976
84 70.4285
85 70.5528
86 70.6705
87 70.7818
88 70.8865
89 70.9848
90 71.0767
91 71.1621
92 71.2412
93 71.3139
94 71.3803
95 71.4403
96 71.4941
97 71.5415
98 71.5827
99 71.6176
100 71.6462
101 71.6686
102 71.6847
103 71.6946
104 71.6983
105 71.6957
106 71.6868
107 71.6718
108 71.6504
109 71.6228
110 71.589
111 71.5489
112 71.5025
113 71.4498
114 71.3908
115 71.3255
116 71.2539
117 71.1759
118 71.0915
119 71.0007
120 70.9035
121 70.7998
122 70.6897
123 70.573
124 70.4498
125 70.3201
126 70.1837
127 70.0406
128 69.8909
129 69.7344
130 69.5712
131 69.4011
132 69.2241
133 69.0402
134 68.8493
135 68.6514
136 68.4463
137 68.2341
138 68.0146
139 67.7878
140 67.5537
141 67.3121
142 67.0629
143 66.8061
144 66.5416
145 66.2693
146 65.9891
147 65.7009
148 65.4046
149 65.1
150 64.7871
151 64.4658
152 64.1359
153 63.7972
154 63.4497
155 63.0932
156 62.7275
157 62.3526
158 61.9681
159 61.5739
160 61.1699
161 60.7559
162 60.3316
163 59.8968
164 59.4513
165 58.9949
166 58.5273
167 58.0482
168 57.5573
169 57.0544
170 56.5391
171 56.011
172 55.4699
173 54.9153
174 54.3468
175 53.764
176 53.1663
177 52.5534
178 51.9246
179 51.2794
180 50.6171
181 49.9371
182 49.2386
183 48.5208
184 47.7829
185 47.0239
186 46.2428
187 45.4384
188 44.6094
189 43.7546
190 42.8723
191 41.9607
192 41.0181
193 40.042
194 39.0301
195 37.9795
196 36.8869
197 35.7484
198 34.5595
199 33.3147
200 32.0076
201 30.6303
202 29.1726
203 27.622
204 25.9618