0 45.7482
1 51.1655
2 55.9765
3 60.3265
4 64.3091
5 67.9888
6 71.4126
7 74.6155
8 77.6251
9 80.463
10 83.1467
11 85.6908
12 88.1073
13 90.4065
14 92.5972
15 94.6867
16 96.6818
17 98.5882
18 100.4108
19 102.1542
20 103.8224
21 105.419
22 106.947
23 108.4096
24 109.8092
25 111.1482
26 112.4289
27 113.6531
28 114.8227
29 115.9394
30 117.0046
31 118.0197
32 118.9861
33 119.9049
34 120.7772
35 121.604
36 122.3862
37 123.1246
38 123.8201
39 124.4734
40 125.0851
41 125.6559
42 126.1862
43 126.6767
44 127.1277
45 127.5397
46 127.913
47 128.2481
48 128.5451
49 128.8044
50 129.0262
51 129.2107
52 129.358
53 129.4682
54 129.5416
55 129.578
56 129.5776
57 129.5404
58 129.4663
59 129.3552
60 129.2071
61 129.0219
62 128.7993
63 128.5392
64 128.2413
65 127.9055
66 127.5313
67 127.1185
68 126.6666
69 126.1753
70 125.6441
71 125.0725
72 124.4599
73 123.8057
74 123.1093
75 122.3699
76 121.5868
77 120.759
78 119.8858
79 118.966
80 117.9986
81 116.9824
82 115.9161
83 114.7983
84 113.6275
85 112.4021
86 111.1202
87 109.7799
88 108.379
89 106.9151
90 105.3856
91 103.7876
92 102.1178
93 100.3727
94 98.5484
95 96.6402
96 94.6431
97 92.5515
98 90.3586
99 88.057
100 85.6378
101 83.0909
102 80.404
103 77.5627
104 74.5493
105 71.3419
106 67.9131
107 64.2274
108 60.2378
109 55.879
110 51.0568