0 45.6709
1 51.3483
2 56.3678
3 60.8921
4 65.0249
5 68.8365
6 72.3778
7 75.6867
8 78.7926
9 81.7185
10 84.4831
11 87.1019
12 89.5876
13 91.951
14 94.2013
15 96.3464
16 98.3933
17 100.3479
18 102.2155
19 104.0008
20 105.7079
21 107.3407
22 108.9025
23 110.3962
24 111.8246
25 113.1901
26 114.4951
27 115.7415
28 116.9313
29 118.0661
30 119.1476
31 120.1771
32 121.1559
33 122.0854
34 122.9666
35 123.8006
36 124.5882
37 125.3304
38 126.028
39 126.6818
40 127.2923
41 127.8602
42 128.3861
43 128.8704
44 129.3138
45 129.7165
46 130.0789
47 130.4015
48 130.6844
49 130.9279
50 131.1324
51 131.2978
52 131.4245
53 131.5125
54 131.5618
55 131.5726
56 131.5448
57 131.4784
58 131.3733
59 131.2295
60 131.0469
61 130.8252
62 130.5642
63 130.2638
64 129.9237
65 129.5435
66 129.1229
67 128.6615
68 128.1588
69 127.6145
70 127.0278
71 126.3983
72 125.7253
73 125.008
74 124.2458
75 123.4379
76 122.5831
77 121.6807
78 120.7296
79 119.7285
80 118.6762
81 117.5714
82 116.4125
83 115.1979
84 113.9258
85 112.5944
86 111.2013
87 109.7444
88 108.221
89 106.6282
90 104.963
91 103.2218
92 101.4007
93 99.4952
94 97.5006
95 95.4111
96 93.2204
97 90.9212
98 88.505
99 85.9619
100 83.2804
101 80.4465
102 77.4437
103 74.2513
104 70.8437
105 67.1883
106 63.242
107 58.9465
108 54.2188
109 48.9338