0 45.8731
1 51.7665
2 56.9601
3 61.6311
4 65.8908
5 69.8145
6 73.4561
7 76.8556
8 80.0439
9 83.0454
10 85.8796
11 88.5626
12 91.1077
13 93.5263
14 95.8279
15 98.0207
16 100.1118
17 102.1076
18 104.0136
19 105.8345
20 107.5747
21 109.238
22 110.828
23 112.3476
24 113.7998
25 115.1872
26 116.5119
27 117.7761
28 118.9818
29 120.1307
30 121.2244
31 122.2645
32 123.2522
33 124.1888
34 125.0755
35 125.9133
36 126.7032
37 127.4461
38 128.1427
39 128.794
40 129.4004
41 129.9627
42 130.4815
43 130.9572
44 131.3903
45 131.7812
46 132.1304
47 132.438
48 132.7046
49 132.9302
50 133.115
51 133.2594
52 133.3633
53 133.4269
54 133.4502
55 133.4333
56 133.3762
57 133.2787
58 133.1409
59 132.9625
60 132.7434
61 132.4835
62 132.1824
63 131.8399
64 131.4556
65 131.0293
66 130.5605
67 130.0486
68 129.4933
69 128.894
70 128.25
71 127.5606
72 126.8252
73 126.0429
74 125.2128
75 124.334
76 123.4055
77 122.426
78 121.3944
79 120.3094
80 119.1694
81 117.9729
82 116.7182
83 115.4033
84 114.0261
85 112.5845
86 111.0758
87 109.4973
88 107.8459
89 106.1183
90 104.3105
91 102.4185
92 100.4375
93 98.3619
94 96.1859
95 93.9022
96 91.503
97 88.9788
98 86.3187
99 83.5097
100 80.5362
101 77.3793
102 74.0154
103 70.415
104 66.5397
105 62.3381
106 57.7392
107 52.6388