0 46.4189
1 52.4686
2 57.7918
3 62.574
4 66.9315
5 70.9424
6 74.6627
7 78.1338
8 81.3877
9 84.4495
10 87.3394
11 90.0739
12 92.6668
13 95.1297
14 97.4723
15 99.7033
16 101.8299
17 103.8586
18 105.795
19 107.644
20 109.4101
21 111.0972
22 112.709
23 114.2485
24 115.7187
25 117.1222
26 118.4614
27 119.7383
28 120.955
29 122.1133
30 123.2148
31 124.2611
32 125.2535
33 126.1932
34 127.0816
35 127.9195
36 128.7081
37 129.4482
38 130.1407
39 130.7862
40 131.3855
41 131.9393
42 132.448
43 132.9123
44 133.3325
45 133.7092
46 134.0425
47 134.333
48 134.5808
49 134.7862
50 134.9494
51 135.0706
52 135.1498
53 135.1871
54 135.1826
55 135.1362
56 135.048
57 134.9178
58 134.7455
59 134.5309
60 134.2739
61 133.9742
62 133.6315
63 133.2455
64 132.8158
65 132.342
66 131.8235
67 131.26
68 130.6507
69 129.9951
70 129.2925
71 128.542
72 127.7428
73 126.8941
74 125.9947
75 125.0437
76 124.0398
77 122.9817
78 121.8681
79 120.6973
80 119.4677
81 118.1775
82 116.8247
83 115.407
84 113.9221
85 112.3672
86 110.7394
87 109.0355
88 107.2519
89 105.3844
90 103.4286
91 101.3792
92 99.2307
93 96.9762
94 94.6084
95 92.1183
96 89.4959
97 86.7291
98 83.8036
99 80.7022
100 77.4037
101 73.8817
102 70.1026
103 66.0222
104 61.5806
105 56.6931
106 51.2322