0 47.3597
1 53.4942
2 58.8937
3 63.7453
4 68.166
5 72.235
6 76.0088
7 79.5294
8 82.8292
9 85.9335
10 88.8629
11 91.6342
12 94.2612
13 96.7557
14 99.1278
15 101.386
16 103.5378
17 105.5897
18 107.5474
19 109.416
20 111.1999
21 112.9031
22 114.5294
23 116.0818
24 117.5634
25 118.9768
26 120.3243
27 121.6082
28 122.8305
29 123.9929
30 125.0972
31 126.1449
32 127.1374
33 128.0759
34 128.9617
35 129.7958
36 130.5792
37 131.3128
38 131.9975
39 132.6339
40 133.2229
41 133.765
42 134.2608
43 134.7108
44 135.1155
45 135.4752
46 135.7903
47 136.0612
48 136.2881
49 136.4712
50 136.6107
51 136.7068
52 136.7594
53 136.7687
54 136.7347
55 136.6573
56 136.5366
57 136.3722
58 136.1642
59 135.9123
60 135.6162
61 135.2757
62 134.8904
63 134.46
64 133.9839
65 133.4618
66 132.8931
67 132.2771
68 131.6132
69 130.9008
70 130.1389
71 129.3267
72 128.4633
73 127.5476
74 126.5785
75 125.5547
76 124.475
77 123.3377
78 122.1414
79 120.8842
80 119.5643
81 118.1796
82 116.7276
83 115.206
84 113.6119
85 111.9422
86 110.1934
87 108.3618
88 106.443
89 104.4323
90 102.3242
91 100.1126
92 97.7905
93 95.3498
94 92.781
95 90.0734
96 87.2139
97 84.1871
98 80.9742
99 77.5521
100 73.8917
101 69.9556
102 65.6943
103 61.0397
104 55.8937