0 48.7274
1 54.8682
2 60.2854
3 65.1598
4 69.6056
5 73.7003
6 77.4995
7 81.045
8 84.3686
9 87.4956
10 90.4465
11 93.238
12 95.8839
13 98.3961
14 100.7845
15 103.0577
16 105.2233
17 107.2877
18 109.2566
19 111.1352
20 112.9279
21 114.6388
22 116.2714
23 117.8291
24 119.3148
25 120.7311
26 122.0804
27 123.365
28 124.5868
29 125.7477
30 126.8494
31 127.8933
32 128.8809
33 129.8135
34 130.6922
35 131.5181
36 132.2922
37 133.0155
38 133.6887
39 134.3126
40 134.8879
41 135.4151
42 135.895
43 136.3279
44 136.7143
45 137.0545
46 137.3491
47 137.5981
48 137.802
49 137.9608
50 138.0748
51 138.144
52 138.1685
53 138.1483
54 138.0835
55 137.9739
56 137.8195
57 137.6201
58 137.3755
59 137.0854
60 136.7496
61 136.3678
62 135.9395
63 135.4642
64 134.9416
65 134.3711
66 133.752
67 133.0837
68 132.3653
69 131.5962
70 130.7754
71 129.9019
72 128.9747
73 127.9925
74 126.9542
75 125.8583
76 124.7032
77 123.4875
78 122.2091
79 120.8662
80 119.4566
81 117.9778
82 116.4273
83 114.8021
84 113.0991
85 111.3145
86 109.4446
87 107.4847
88 105.4299
89 103.2746
90 101.0122
91 98.6354
92 96.1358
93 93.5035
94 90.7268
95 87.7923
96 84.6833
97 81.38
98 77.8576
99 74.0848
100 70.0213
101 65.6129
102 60.7848
103 55.4273