0 50.528
1 56.5965
2 61.9715
3 66.8206
4 71.2514
5 75.3375
6 79.1325
7 82.6764
8 86.0003
9 89.1289
10 92.0819
11 94.8758
12 97.5243
13 100.0389
14 102.4296
15 104.7047
16 106.8717
17 108.9369
18 110.9062
19 112.7845
20 114.5763
21 116.2856
22 117.916
23 119.4707
24 120.9527
25 122.3645
26 123.7086
27 124.9872
28 126.2022
29 127.3555
30 128.4487
31 129.4834
32 130.461
33 131.3827
34 132.2496
35 133.063
36 133.8236
37 134.5325
38 135.1905
39 135.7983
40 136.3565
41 136.8658
42 137.3267
43 137.7397
44 138.1052
45 138.4236
46 138.6953
47 138.9204
48 139.0993
49 139.2321
50 139.319
51 139.3599
52 139.3551
53 139.3044
54 139.2078
55 139.0652
56 138.8765
57 138.6414
58 138.3599
59 138.0315
60 137.6559
61 137.2327
62 136.7616
63 136.2419
64 135.6732
65 135.0549
66 134.3861
67 133.6663
68 132.8945
69 132.0699
70 131.1914
71 130.2579
72 129.2683
73 128.2213
74 127.1154
75 125.9492
76 124.7208
77 123.4285
78 122.0702
79 120.6436
80 119.1465
81 117.5759
82 115.929
83 114.2025
84 112.3927
85 110.4954
86 108.5062
87 106.4198
88 104.2304
89 101.9314
90 99.5151
91 96.9729
92 94.2945
93 91.468
94 88.4791
95 85.3109
96 81.9425
97 78.348
98 74.4949
99 70.3405
100 65.8279
101 60.8775
102 55.3719