0 45.9179
1 52.7403
2 58.6643
3 63.94
4 68.7169
5 73.0929
6 77.1362
7 80.8967
8 84.4123
9 87.7124
10 90.8204
11 93.7555
12 96.5335
13 99.1676
14 101.6689
15 104.047
16 106.3102
17 108.4657
18 110.5198
19 112.4781
20 114.3454
21 116.1262
22 117.8243
23 119.4434
24 120.9865
25 122.4566
26 123.8562
27 125.1878
28 126.4534
29 127.655
30 128.7945
31 129.8734
32 130.8933
33 131.8554
34 132.7612
35 133.6117
36 134.4079
37 135.1509
38 135.8415
39 136.4805
40 137.0686
41 137.6065
42 138.0947
43 138.5339
44 138.9243
45 139.2666
46 139.5609
47 139.8077
48 140.0071
49 140.1595
50 140.2648
51 140.3233
52 140.3349
53 140.2998
54 140.2178
55 140.0889
56 139.913
57 139.6898
58 139.4192
59 139.1009
60 138.7345
61 138.3196
62 137.8559
63 137.3429
64 136.7799
65 136.1663
66 135.5015
67 134.7848
68 134.0152
69 133.1918
70 132.3137
71 131.3798
72 130.3889
73 129.3396
74 128.2305
75 127.06
76 125.8265
77 124.5281
78 123.1626
79 121.728
80 120.2216
81 118.6407
82 116.9824
83 115.2433
84 113.4196
85 111.5072
86 109.5016
87 107.3973
88 105.1886
89 102.8687
90 100.4299
91 97.8633
92 95.1585
93 92.3035
94 89.2837
95 86.082
96 82.6771
97 79.0427
98 75.1457
99 70.9427
100 66.3756
101 61.3632
102 55.7855