0 48.7988
1 55.3184
2 61.0369
3 66.1625
4 70.824
5 75.1079
6 79.0755
7 82.7724
8 86.2333
9 89.4857
10 92.5515
11 95.4488
12 98.1924
13 100.7949
14 103.267
15 105.6178
16 107.8552
17 109.9862
18 112.0168
19 113.9525
20 115.7979
21 117.5574
22 119.2347
23 120.8332
24 122.3561
25 123.806
26 125.1857
27 126.4973
28 127.743
29 128.9246
30 130.044
31 131.1027
32 132.1021
33 133.0436
34 133.9285
35 134.7578
36 135.5326
37 136.2538
38 136.9222
39 137.5386
40 138.1037
41 138.6181
42 139.0825
43 139.4972
44 139.8628
45 140.1796
46 140.4479
47 140.6681
48 140.8403
49 140.9648
50 141.0416
51 141.0708
52 141.0525
53 140.9867
54 140.8732
55 140.712
56 140.5029
57 140.2457
58 139.9401
59 139.5857
60 139.1824
61 138.7295
62 138.2266
63 137.6732
64 137.0687
65 136.4123
66 135.7034
67 134.941
68 134.1244
69 133.2524
70 132.324
71 131.338
72 130.2931
73 129.1879
74 128.0207
75 126.79
76 125.4937
77 124.1299
78 122.6963
79 121.1905
80 119.6096
81 117.9508
82 116.2106
83 114.3853
84 112.4708
85 110.4625
86 108.3551
87 106.1428
88 103.8188
89 101.3754
90 98.8038
91 96.0938
92 93.2331
93 90.2076
94 86.9999
95 83.5892
96 79.9494
97 76.0477
98 71.8415
99 67.2735
100 62.2642
101 56.6969