0 52.0301
1 58.1963
2 63.6623
3 68.5958
4 73.1046
5 77.263
6 81.1251
7 84.7312
8 88.1129
9 91.2951
10 94.298
11 97.1383
12 99.8297
13 102.3841
14 104.8114
15 107.1204
16 109.3184
17 111.4121
18 113.4073
19 115.309
20 117.1218
21 118.8499
22 120.4967
23 122.0657
24 123.5597
25 124.9815
26 126.3336
27 127.618
28 128.8369
29 129.9921
30 131.0852
31 132.1179
32 133.0915
33 134.0073
34 134.8665
35 135.6702
36 136.4193
37 137.1148
38 137.7574
39 138.3478
40 138.8869
41 139.3751
42 139.813
43 140.201
44 140.5396
45 140.8291
46 141.0698
47 141.2621
48 141.406
49 141.5017
50 141.5493
51 141.5489
52 141.5005
53 141.4039
54 141.2592
55 141.0662
56 140.8246
57 140.5343
58 140.1949
59 139.806
60 139.3673
61 138.8783
62 138.3384
63 137.747
64 137.1035
65 136.4072
66 135.6572
67 134.8526
68 133.9925
69 133.0757
70 132.1011
71 131.0674
72 129.9732
73 128.817
74 127.597
75 126.3115
76 124.9583
77 123.5353
78 122.04
79 120.4698
80 118.8216
81 117.0922
82 115.2779
83 113.3746
84 111.3779
85 109.2825
86 107.0826
87 104.7718
88 102.3424
89 99.7858
90 97.092
91 94.2491
92 91.2434
93 88.058
94 84.6727
95 81.0626
96 77.1959
97 73.0321
98 68.5169
99 63.5755
100 58.0993