0 17.9281
1 20.2378
2 22.2908
3 24.1527
4 25.8647
5 27.4549
6 28.9433
7 30.3451
8 31.6715
9 32.9319
10 34.1334
11 35.2822
12 36.3831
13 37.4405
14 38.4579
15 39.4383
16 40.3846
17 41.299
18 42.1837
19 43.0404
20 43.8707
21 44.6763
22 45.4583
23 46.218
24 46.9564
25 47.6746
26 48.3735
27 49.0538
28 49.7163
29 50.3618
30 50.9909
31 51.6041
32 52.2021
33 52.7853
34 53.3543
35 53.9095
36 54.4513
37 54.9801
38 55.4963
39 56.0002
40 56.4922
41 56.9726
42 57.4416
43 57.8995
44 58.3467
45 58.7833
46 59.2096
47 59.6257
48 60.032
49 60.4286
50 60.8157
51 61.1935
52 61.5621
53 61.9217
54 62.2725
55 62.6146
56 62.9482
57 63.2734
58 63.5903
59 63.899
60 64.1997
61 64.4925
62 64.7775
63 65.0547
64 65.3243
65 65.5865
66 65.8411
67 66.0885
68 66.3285
69 66.5614
70 66.7872
71 67.006
72 67.2177
73 67.4226
74 67.6206
75 67.8119
76 67.9964
77 68.1743
78 68.3455
79 68.5102
80 68.6683
81 68.82
82 68.9652
83 69.1041
84 69.2366
85 69.3628
86 69.4827
87 69.5963
88 69.7037
89 69.805
90 69.9001
91 69.989
92 70.0718
93 70.1485
94 70.2192
95 70.2838
96 70.3424
97 70.3949
98 70.4414
99 70.4819
100 70.5165
101 70.545
102 70.5676
103 70.5843
104 70.5949
105 70.5996
106 70.5984
107 70.5911
108 70.578
109 70.5588
110 70.5337
111 70.5026
112 70.4656
113 70.4225
114 70.3735
115 70.3184
116 70.2573
117 70.1901
118 70.1169
119 70.0376
120 69.9522
121 69.8607
122 69.763
123 69.6592
124 69.5491
125 69.4329
126 69.3103
127 69.1815
128 69.0463
129 68.9048
130 68.7568
131 68.6024
132 68.4415
133 68.2741
134 68.1001
135 67.9194
136 67.732
137 67.5379
138 67.337
139 67.1293
140 66.9146
141 66.6929
142 66.4641
143 66.2282
144 65.985
145 65.7346
146 65.4768
147 65.2115
148 64.9387
149 64.6582
150 64.37
151 64.0739
152 63.7698
153 63.4576
154 63.1372
155 62.8085
156 62.4714
157 62.1256
158 61.7711
159 61.4077
160 61.0353
161 60.6536
162 60.2625
163 59.8619
164 59.4514
165 59.031
166 58.6004
167 58.1594
168 57.7077
169 57.2451
170 56.7714
171 56.2862
172 55.7892
173 55.2801
174 54.7587
175 54.2244
176 53.677
177 53.1161
178 52.5411
179 51.9517
180 51.3474
181 50.7275
182 50.0916
183 49.439
184 48.7691
185 48.081
186 47.3742
187 46.6475
188 45.9002
189 45.1313
190 44.3395
191 43.5236
192 42.6824
193 41.8141
194 40.9171
195 39.9895
196 39.0291
197 38.0334
198 36.9996
199 35.9243
200 34.8038
201 33.6334
202 32.4079
203 31.1206