0 48.9103
1 55.5114
2 61.2955
3 66.4761
4 71.1851
5 75.5109
6 79.5159
7 83.2465
8 86.7382
9 90.0186
10 93.1102
11 96.0312
12 98.7966
13 101.4194
14 103.9101
15 106.2782
16 108.5317
17 110.6775
18 112.7218
19 114.67
20 116.527
21 118.2971
22 119.9841
23 121.5914
24 123.1221
25 124.5792
26 125.9652
27 127.2823
28 128.5327
29 129.7183
30 130.841
31 131.9022
32 132.9034
33 133.8461
34 134.7315
35 135.5606
36 136.3344
37 137.054
38 137.7202
39 138.3338
40 138.8953
41 139.4056
42 139.8651
43 140.2743
44 140.6337
45 140.9436
46 141.2044
47 141.4164
48 141.5798
49 141.6946
50 141.7612
51 141.7794
52 141.7494
53 141.6712
54 141.5445
55 141.3694
56 141.1455
57 140.8728
58 140.5509
59 140.1794
60 139.758
61 139.2862
62 138.7636
63 138.1894
64 137.5632
65 136.8841
66 136.1514
67 135.3641
68 134.5215
69 133.6223
70 132.6655
71 131.6498
72 130.5738
73 129.436
74 128.2348
75 126.9683
76 125.6347
77 124.2317
78 122.7569
79 121.2078
80 119.5814
81 117.8746
82 116.0838
83 114.205
84 112.2339
85 110.1654
86 107.9941
87 105.7134
88 103.3163
89 100.7944
90 98.138
91 95.336
92 92.375
93 89.2394
94 85.9098
95 82.3629
96 78.5692
97 74.491
98 70.0786
99 65.2643
100 59.9514
101 53.9928