0 53.0785
1 59.1408
2 64.5312
3 69.4064
4 73.8685
5 77.9884
6 81.8179
7 85.396
8 88.7531
9 91.9134
10 94.8967
11 97.7191
12 100.3941
13 102.9334
14 105.3466
15 107.6423
16 109.8279
17 111.9098
18 113.8936
19 115.7845
20 117.5869
21 119.3048
22 120.9418
23 122.5012
24 123.9859
25 125.3986
26 126.7415
27 128.0171
28 129.2272
29 130.3736
30 131.4581
31 132.4821
32 133.4471
33 134.3543
34 135.2049
35 135.9999
36 136.7403
37 137.427
38 138.0609
39 138.6425
40 139.1726
41 139.6518
42 140.0806
43 140.4594
44 140.7886
45 141.0687
46 141.2999
47 141.4823
48 141.6163
49 141.702
50 141.7394
51 141.7286
52 141.6695
53 141.5622
54 141.4064
55 141.2021
56 140.9491
57 140.6469
58 140.2955
59 139.8943
60 139.443
61 138.941
62 138.3878
63 137.7828
64 137.1253
65 136.4146
66 135.6498
67 134.83
68 133.9541
69 133.0211
70 132.0298
71 130.9788
72 129.8667
73 128.6919
74 127.4527
75 126.1471
76 124.7732
77 123.3285
78 121.8106
79 120.2167
80 118.5438
81 116.7885
82 114.9469
83 113.0148
84 110.9876
85 108.86
86 106.6258
87 104.2783
88 101.8096
89 99.2107
90 96.471
91 93.5783
92 90.5177
93 87.2717
94 83.8187
95 80.132
96 76.1776
97 71.9114
98 67.2741
99 62.1828
100 56.5148