0 50.9884
1 57.2703
2 62.8203
3 67.8186
4 72.3793
5 76.5808
6 80.4794
7 84.1171
8 87.5265
9 90.7333
10 93.7584
11 96.6187
12 99.3286
13 101.9
14 104.3432
15 106.667
16 108.879
17 110.9859
18 112.9936
19 114.9073
20 116.7316
21 118.4707
22 120.1282
23 121.7075
24 123.2115
25 124.6431
26 126.0046
27 127.2984
28 128.5265
29 129.6907
30 130.7927
31 131.8342
32 132.8164
33 133.7408
34 134.6086
35 135.4207
36 136.1783
37 136.8822
38 137.5332
39 138.1321
40 138.6796
41 139.1762
42 139.6226
43 140.0191
44 140.3663
45 140.6644
46 140.9138
47 141.1148
48 141.2676
49 141.3722
50 141.4289
51 141.4377
52 141.3985
53 141.3114
54 141.1762
55 140.9929
56 140.7612
57 140.4809
58 140.1517
59 139.7732
60 139.3451
61 138.8669
62 138.3381
63 137.7581
64 137.1262
65 136.4417
66 135.7039
67 134.9118
68 134.0645
69 133.1609
70 132.2
71 131.1803
72 130.1006
73 128.9593
74 127.7548
75 126.4853
76 125.1487
77 123.743
78 122.2657
79 120.7143
80 119.0857
81 117.3769
82 115.5842
83 113.7037
84 111.7309
85 109.6609
86 107.488
87 105.206
88 102.8074
89 100.2839
90 97.6259
91 94.8221
92 91.859
93 88.7208
94 85.3882
95 81.8373
96 78.0383
97 73.9532
98 69.5315
99 64.7041
100 59.3722
101 53.3849