0 49.3173
1 55.7418
2 61.3903
3 66.4608
4 71.0773
5 75.3231
6 79.258
7 82.9262
8 86.3616
9 89.5912
10 92.6363
11 95.5146
12 98.2409
13 100.8273
14 103.2845
15 105.6215
16 107.8461
17 109.965
18 111.9843
19 113.9094
20 115.7448
21 117.4948
22 119.1632
23 120.7533
24 122.2682
25 123.7107
26 125.0832
27 126.3881
28 127.6274
29 128.803
30 129.9166
31 130.9699
32 131.9642
33 132.9009
34 133.7813
35 134.6063
36 135.377
37 136.0944
38 136.7593
39 137.3724
40 137.9344
41 138.446
42 138.9077
43 139.32
44 139.6834
45 139.9981
46 140.2647
47 140.4832
48 140.654
49 140.7773
50 140.853
51 140.8814
52 140.8625
53 140.7962
54 140.6825
55 140.5212
56 140.3122
57 140.0553
58 139.7502
59 139.3965
60 138.9941
61 138.5423
62 138.0407
63 137.4888
64 136.8859
65 136.2315
66 135.5247
67 134.7647
68 133.9506
69 133.0814
70 132.156
71 131.1733
72 130.1319
73 129.0305
74 127.8674
75 126.641
76 125.3494
77 123.9905
78 122.5622
79 121.062
80 119.4872
81 117.8347
82 116.1013
83 114.2833
84 112.3765
85 110.3764
86 108.2778
87 106.0749
88 103.761
89 101.3285
90 98.7687
91 96.0713
92 93.2244
93 90.214
94 87.0229
95 83.6305
96 80.0113
97 76.1329
98 71.9534
99 67.4168
100 62.4453
101 56.9251