0 48.1163
1 54.5929
2 60.2707
3 65.3582
4 69.9842
5 74.2351
6 78.1721
7 81.8405
8 85.275
9 88.5028
10 91.5458
11 94.4218
12 97.1457
13 99.7299
14 102.1851
15 104.5203
16 106.7434
17 108.8613
18 110.88
19 112.8048
20 114.6405
21 116.3912
22 118.0609
23 119.6527
24 121.1699
25 122.6152
26 123.9911
27 125.2998
28 126.5435
29 127.7242
30 128.8434
31 129.9028
32 130.9038
33 131.8478
34 132.7361
35 133.5696
36 134.3494
37 135.0765
38 135.7517
39 136.3758
40 136.9494
41 137.4733
42 137.9479
43 138.3737
44 138.7513
45 139.0811
46 139.3632
47 139.5982
48 139.7861
49 139.9271
50 140.0215
51 140.0693
52 140.0706
53 140.0253
54 139.9334
55 139.7949
56 139.6095
57 139.3771
58 139.0975
59 138.7704
60 138.3954
61 137.9721
62 137.5001
63 136.979
64 136.408
65 135.7867
66 135.1143
67 134.39
68 133.6131
69 132.7825
70 131.8972
71 130.9563
72 129.9583
73 128.9021
74 127.7862
75 126.6089
76 125.3686
77 124.0634
78 122.6912
79 121.2498
80 119.7366
81 118.1488
82 116.4835
83 114.7372
84 112.9062
85 110.9863
86 108.9728
87 106.8604
88 104.6432
89 102.3142
90 99.8657
91 97.2887
92 94.5727
93 91.7052
94 88.6717
95 85.4544
96 82.0318
97 78.3768
98 74.4554
99 70.2228
100 65.6189
101 60.5592
102 54.9176