0 47.4034
1 53.8358
2 59.4714
3 64.5193
4 69.1085
5 73.3252
6 77.2303
7 80.869
8 84.2759
9 87.478
10 90.4971
11 93.351
12 96.0542
13 98.6194
14 101.0569
15 103.3757
16 105.5838
17 107.6879
18 109.694
19 111.6075
20 113.4328
21 115.1744
22 116.8359
23 118.4206
24 119.9317
25 121.3719
26 122.7436
27 124.0492
28 125.2907
29 126.47
30 127.5889
31 128.6488
32 129.6513
33 130.5977
34 131.4891
35 132.3267
36 133.1116
37 133.8446
38 134.5265
39 135.1583
40 135.7404
41 136.2737
42 136.7587
43 137.1958
44 137.5855
45 137.9283
46 138.2245
47 138.4744
48 138.6782
49 138.8361
50 138.9484
51 139.015
52 139.0361
53 139.0117
54 138.9418
55 138.8262
56 138.665
57 138.4578
58 138.2046
59 137.9051
60 137.5589
61 137.1657
62 136.7252
63 136.2368
64 135.7
65 135.1142
66 134.4789
67 133.7932
68 133.0565
69 132.2679
70 131.4264
71 130.531
72 129.5806
73 128.5741
74 127.5099
75 126.3867
76 125.203
77 123.9569
78 122.6466
79 121.27
80 119.8248
81 118.3085
82 116.7182
83 115.0511
84 113.3036
85 111.472
86 109.552
87 107.539
88 105.4276
89 103.2117
90 100.8845
91 98.4381
92 95.8634
93 93.1496
94 90.2844
95 87.2527
96 84.0365
97 80.6138
98 76.9571
99 73.0311
100 68.7898
101 64.1706
102 59.0852
103 53.4003