0 47.1616
1 53.457
2 58.982
3 63.9367
4 68.4451
5 72.5903
6 76.4315
7 80.0124
8 83.3667
9 86.5206
10 89.4954
11 92.3083
12 94.9739
13 97.504
14 99.9091
15 102.198
16 104.3783
17 106.4567
18 108.439
19 110.3304
20 112.1356
21 113.8585
22 115.503
23 117.0723
24 118.5694
25 119.997
26 121.3575
27 122.6532
28 123.8861
29 125.0581
30 126.1709
31 127.226
32 128.2249
33 129.1688
34 130.0589
35 130.8964
36 131.6822
37 132.4174
38 133.1026
39 133.7387
40 134.3264
41 134.8662
42 135.3589
43 135.8049
44 136.2046
45 136.5585
46 136.8669
47 137.1301
48 137.3484
49 137.522
50 137.651
51 137.7356
52 137.776
53 137.772
54 137.7237
55 137.6311
56 137.4941
57 137.3125
58 137.0861
59 136.8148
60 136.4983
61 136.1362
62 135.7282
63 135.2739
64 134.7728
65 134.2244
66 133.6281
67 132.9832
68 132.2891
69 131.5449
70 130.7499
71 129.903
72 129.0033
73 128.0496
74 127.0408
75 125.9754
76 124.8521
77 123.6693
78 122.4252
79 121.1181
80 119.7457
81 118.3058
82 116.7959
83 115.2134
84 113.5551
85 111.8176
86 109.9973
87 108.0899
88 106.0907
89 103.9945
90 101.7953
91 99.4861
92 97.0592
93 94.5056
94 91.8145
95 88.9736
96 85.9681
97 82.7799
98 79.387
99 75.7621
100 71.8699
101 67.6644
102 63.0829
103 58.0365
104 52.391