0 47.3418
1 53.42
2 58.7746
3 63.5887
4 67.9771
5 72.0177
6 75.7663
7 79.2642
8 82.5433
9 85.6287
10 88.5408
11 91.296
12 93.9083
13 96.3892
14 98.7486
15 100.995
16 103.1359
17 105.1776
18 107.1259
19 108.9858
20 110.7616
21 112.4574
22 114.0768
23 115.623
24 117.0988
25 118.5069
26 119.8497
27 121.1293
28 122.3478
29 123.5069
30 124.6083
31 125.6536
32 126.644
33 127.581
34 128.4656
35 129.2989
36 130.0819
37 130.8156
38 131.5007
39 132.138
40 132.7282
41 133.272
42 133.7698
43 134.2221
44 134.6296
45 134.9925
46 135.3112
47 135.5861
48 135.8173
49 136.0052
50 136.1498
51 136.2514
52 136.31
53 136.3257
54 136.2985
55 136.2284
56 136.1153
57 135.9591
58 135.7596
59 135.5167
60 135.2302
61 134.8997
62 134.5249
63 134.1054
64 133.6409
65 133.1309
66 132.5748
67 131.972
68 131.322
69 130.6239
70 129.8771
71 129.0807
72 128.2338
73 127.3353
74 126.3841
75 125.3791
76 124.319
77 123.2022
78 122.0274
79 120.7927
80 119.4964
81 118.1363
82 116.7103
83 115.2159
84 113.6505
85 112.011
86 110.2941
87 108.4961
88 106.6131
89 104.6403
90 102.5726
91 100.4041
92 98.1282
93 95.7371
94 93.2221
95 90.5728
96 87.777
97 84.8202
98 81.6851
99 78.3501
100 74.7886
101 70.9663
102 66.8388
103 62.3452
104 57.3997
105 51.8733