0 47.8721
1 53.6714
2 58.8078
3 63.4424
4 67.6785
5 71.5869
6 75.2185
7 78.6119
8 81.7966
9 84.7962
10 87.6297
11 90.3126
12 92.8582
13 95.2773
14 97.5794
15 99.7726
16 101.8639
17 103.8595
18 105.7648
19 107.5845
20 109.3231
21 110.9842
22 112.5713
23 114.0875
24 115.5355
25 116.918
26 118.2373
27 119.4953
28 120.694
29 121.8353
30 122.9206
31 123.9514
32 124.9292
33 125.855
34 126.7302
35 127.5556
36 128.3324
37 129.0612
38 129.7431
39 130.3786
40 130.9685
41 131.5134
42 132.0138
43 132.4703
44 132.8833
45 133.2532
46 133.5803
47 133.865
48 134.1076
49 134.3082
50 134.4671
51 134.5844
52 134.6602
53 134.6946
54 134.6876
55 134.6393
56 134.5495
57 134.4181
58 134.2452
59 134.0304
60 133.7737
61 133.4747
62 133.1332
63 132.7488
64 132.3212
65 131.8499
66 131.3346
67 130.7746
68 130.1693
69 129.5183
70 128.8206
71 128.0757
72 127.2826
73 126.4405
74 125.5484
75 124.6052
76 123.6096
77 122.5606
78 121.4566
79 120.2961
80 119.0776
81 117.7992
82 116.4588
83 115.0545
84 113.5837
85 112.0439
86 110.4322
87 108.7454
88 106.9799
89 105.1318
90 103.1966
91 101.1694
92 99.0445
93 96.8154
94 94.4747
95 92.0141
96 89.4235
97 86.6913
98 83.8037
99 80.744
100 77.4918
101 74.0217
102 70.3015
103 66.2891
104 61.9278
105 57.1375
106 51.7996