0 42.365
1 48.6693
2 54.1483
3 59.0323
4 63.4587
5 67.5177
6 71.2721
7 74.7677
8 78.0393
9 81.1141
10 84.0137
11 86.7555
12 89.3542
13 91.8219
14 94.1689
15 96.4041
16 98.5349
17 100.5681
18 102.5095
19 104.3641
20 106.1366
21 107.831
22 109.4509
23 110.9996
24 112.48
25 113.8948
26 115.2464
27 116.537
28 117.7686
29 118.943
30 120.062
31 121.127
32 122.1394
33 123.1006
34 124.0118
35 124.874
36 125.6883
37 126.4555
38 127.1766
39 127.8523
40 128.4833
41 129.0703
42 129.6139
43 130.1146
44 130.5729
45 130.9893
46 131.3641
47 131.6978
48 131.9906
49 132.2428
50 132.4546
51 132.6263
52 132.7579
53 132.8497
54 132.9016
55 132.9138
56 132.8861
57 132.8188
58 132.7115
59 132.5644
60 132.3771
61 132.1496
62 131.8817
63 131.573
64 131.2234
65 130.8325
66 130.3998
67 129.9251
68 129.4078
69 128.8474
70 128.2434
71 127.5951
72 126.9018
73 126.1629
74 125.3775
75 124.5447
76 123.6636
77 122.7332
78 121.7522
79 120.7195
80 119.6337
81 118.4934
82 117.2969
83 116.0427
84 114.7286
85 113.3527
86 111.9128
87 110.4062
88 108.8302
89 107.1817
90 105.4574
91 103.6535
92 101.7657
93 99.7893
94 97.7189
95 95.5484
96 93.2708
97 90.878
98 88.3607
99 85.7079
100 82.9067
101 79.9413
102 76.7929
103 73.4378
104 69.8463
105 65.9798
106 61.7867
107 57.1952
108 52.1