0 17.1524
1 19.4849
2 21.548
3 23.4129
4 25.1239
5 26.7104
6 28.1936
7 29.589
8 30.9085
9 32.1614
10 33.3552
11 34.4961
12 35.5892
13 36.6387
14 37.6482
15 38.621
16 39.5597
17 40.4667
18 41.344
19 42.1936
20 43.0171
21 43.8159
22 44.5914
23 45.3448
24 46.0771
25 46.7894
26 47.4825
27 48.1572
28 48.8145
29 49.4548
30 50.0789
31 50.6874
32 51.2809
33 51.8598
34 52.4246
35 52.9758
36 53.5139
37 54.0391
38 54.5519
39 55.0526
40 55.5415
41 56.019
42 56.4854
43 56.9408
44 57.3857
45 57.8201
46 58.2444
47 58.6588
48 59.0635
49 59.4586
50 59.8444
51 60.2211
52 60.5887
53 60.9476
54 61.2978
55 61.6395
56 61.9728
57 62.2978
58 62.6148
59 62.9237
60 63.2248
61 63.5181
62 63.8038
63 64.0819
64 64.3526
65 64.6159
66 64.8719
67 65.1208
68 65.3625
69 65.5972
70 65.825
71 66.0459
72 66.26
73 66.4673
74 66.668
75 66.862
76 67.0495
77 67.2305
78 67.405
79 67.5731
80 67.7349
81 67.8904
82 68.0395
83 68.1825
84 68.3193
85 68.4499
86 68.5744
87 68.6928
88 68.8052
89 68.9115
90 69.0118
91 69.1062
92 69.1947
93 69.2772
94 69.3538
95 69.4245
96 69.4894
97 69.5485
98 69.6017
99 69.649
100 69.6906
101 69.7264
102 69.7564
103 69.7806
104 69.7991
105 69.8118
106 69.8187
107 69.8198
108 69.8152
109 69.8048
110 69.7887
111 69.7668
112 69.7391
113 69.7056
114 69.6664
115 69.6213
116 69.5704
117 69.5137
118 69.4512
119 69.3828
120 69.3085
121 69.2284
122 69.1423
123 69.0503
124 68.9524
125 68.8484
126 68.7385
127 68.6225
128 68.5004
129 68.3722
130 68.2379
131 68.0975
132 67.9508
133 67.7978
134 67.6386
135 67.473
136 67.3011
137 67.1227
138 66.9378
139 66.7464
140 66.5484
141 66.3437
142 66.1323
143 65.9142
144 65.6892
145 65.4572
146 65.2183
147 64.9723
148 64.7192
149 64.4588
150 64.1911
151 63.9159
152 63.6333
153 63.3431
154 63.0451
155 62.7393
156 62.4256
157 62.1038
158 61.7738
159 61.4355
160 61.0887
161 60.7333
162 60.3692
163 59.9962
164 59.614
165 59.2226
166 58.8218
167 58.4113
168 57.991
169 57.5607
170 57.12
171 56.6688
172 56.2069
173 55.7339
174 55.2495
175 54.7536
176 54.2457
177 53.7255
178 53.1926
179 52.6467
180 52.0874
181 51.5142
182 50.9266
183 50.3242
184 49.7064
185 49.0726
186 48.4222
187 47.7545
188 47.0688
189 46.3643
190 45.6402
191 44.8953
192 44.1288
193 43.3395
194 42.5261
195 41.6871
196 40.821
197 39.9261
198 39.0004
199 38.0416
200 37.0471
201 36.014
202 34.9388
203 33.8176