0 43.8023
1 49.6492
2 54.7857
3 59.3963
4 63.5956
5 67.4605
6 71.0454
7 74.391
8 77.5281
9 80.4812
10 83.2699
11 85.9101
12 88.4152
13 90.7963
14 93.063
15 95.2234
16 97.2847
17 99.2529
18 101.1336
19 102.9315
20 104.6509
21 106.2956
22 107.8691
23 109.3743
24 110.8141
25 112.191
26 113.5072
27 114.765
28 115.9661
29 117.1123
30 118.2053
31 119.2464
32 120.2371
33 121.1785
34 122.0718
35 122.918
36 123.7182
37 124.4732
38 125.1838
39 125.8508
40 126.4748
41 127.0566
42 127.5966
43 128.0954
44 128.5535
45 128.9713
46 129.3492
47 129.6876
48 129.9868
49 130.2469
50 130.4684
51 130.6513
52 130.7958
53 130.9021
54 130.9703
55 131.0003
56 130.9923
57 130.9462
58 130.862
59 130.7396
60 130.5789
61 130.3797
62 130.142
63 129.8654
64 129.5497
65 129.1947
66 128.8
67 128.3653
68 127.8901
69 127.3739
70 126.8164
71 126.2169
72 125.5748
73 124.8895
74 124.1603
75 123.3864
76 122.5669
77 121.7009
78 120.7874
79 119.8254
80 118.8136
81 117.7508
82 116.6356
83 115.4664
84 114.2417
85 112.9595
86 111.6179
87 110.2148
88 108.7477
89 107.2141
90 105.611
91 103.9353
92 102.1832
93 100.351
94 98.434
95 96.4272
96 94.325
97 92.1206
98 89.8068
99 87.3746
100 84.814
101 82.113
102 79.2571
103 76.229
104 73.0073
105 69.5651
106 65.8677
107 61.8696
108 57.5079
109 52.6925