0 45.3421
1 50.7345
2 55.5221
3 59.8501
4 63.8122
5 67.4729
6 70.8789
7 74.0653
8 77.0594
9 79.8828
10 82.553
11 85.0844
12 87.4891
13 89.7773
14 91.9577
15 94.0377
16 96.0239
17 97.9221
18 99.7371
19 101.4736
20 103.1354
21 104.7261
22 106.2489
23 107.7067
24 109.1021
25 110.4374
26 111.7149
27 112.9364
28 114.1038
29 115.2187
30 116.2826
31 117.297
32 118.263
33 119.1819
34 120.0547
35 120.8825
36 121.6662
37 122.4065
38 123.1044
39 123.7604
40 124.3753
41 124.9497
42 125.4842
43 125.9792
44 126.4352
45 126.8526
46 127.2318
47 127.5732
48 127.877
49 128.1435
50 128.373
51 128.5657
52 128.7216
53 128.841
54 128.924
55 128.9705
56 128.9808
57 128.9547
58 128.8922
59 128.7933
60 128.658
61 128.486
62 128.2773
63 128.0316
64 127.7488
65 127.4286
66 127.0708
67 126.6749
68 126.2407
69 125.7677
70 125.2555
71 124.7037
72 124.1117
73 123.4788
74 122.8046
75 122.0883
76 121.3291
77 120.5263
78 119.6789
79 118.7861
80 117.8467
81 116.8598
82 115.8239
83 114.7379
84 113.6002
85 112.4094
86 111.1637
87 109.8612
88 108.4999
89 107.0775
90 105.5916
91 104.0395
92 102.4182
93 100.7242
94 98.9539
95 97.1032
96 95.1672
97 93.1407
98 91.0177
99 88.7912
100 86.4532
101 83.9945
102 81.404
103 78.6688
104 75.7732
105 72.6981
106 69.4195
107 65.9071
108 62.1213
109 58.0086
110 53.4936
111 48.464