0 41.2516
1 46.9034
2 51.8593
3 56.3034
4 60.3488
5 64.0712
6 67.5239
7 70.7465
8 73.7691
9 76.6154
10 79.3043
11 81.8515
12 84.2697
13 86.5698
14 88.7609
15 90.8509
16 92.8466
17 94.7541
18 96.5785
19 98.3245
20 99.9961
21 101.5971
22 103.1307
23 104.5999
24 106.0073
25 107.3555
26 108.6466
27 109.8826
28 111.0653
29 112.1965
30 113.2777
31 114.3102
32 115.2955
33 116.2347
34 117.1289
35 117.9792
36 118.7864
37 119.5515
38 120.2753
39 120.9585
40 121.6018
41 122.2058
42 122.771
43 123.2982
44 123.7876
45 124.2398
46 124.6552
47 125.0341
48 125.3769
49 125.6838
50 125.9552
51 126.1912
52 126.3921
53 126.558
54 126.6891
55 126.7854
56 126.8471
57 126.8741
58 126.8666
59 126.8245
60 126.7478
61 126.6364
62 126.4902
63 126.3091
64 126.093
65 125.8416
66 125.5548
67 125.2323
68 124.8738
69 124.4791
70 124.0478
71 123.5794
72 123.0737
73 122.53
74 121.948
75 121.327
76 120.6664
77 119.9657
78 119.224
79 118.4407
80 117.6149
81 116.7456
82 115.832
83 114.8729
84 113.8672
85 112.8136
86 111.7109
87 110.5575
88 109.3518
89 108.0921
90 106.7765
91 105.4028
92 103.9689
93 102.472
94 100.9095
95 99.2782
96 97.5747
97 95.7952
98 93.9353
99 91.9901
100 89.9542
101 87.8211
102 85.5837
103 83.2334
104 80.7606
105 78.1535
106 75.3982
107 72.4779
108 69.3716
109 66.0531
110 62.4887
111 58.6335
112 54.4258
113 49.7761