0 43.31
1 48.4244
2 52.9707
3 57.0849
4 60.8546
5 64.3404
6 67.5863
7 70.6253
8 73.4832
9 76.1802
10 78.7331
11 81.1552
12 83.4581
13 85.6513
14 87.7431
15 89.7406
16 91.6499
17 93.4765
18 95.225
19 96.8998
20 98.5045
21 100.0426
22 101.5171
23 102.9307
24 104.2859
25 105.5849
26 106.8298
27 108.0225
28 109.1647
29 110.2579
30 111.3036
31 112.3031
32 113.2576
33 114.1683
34 115.0362
35 115.8623
36 116.6474
37 117.3924
38 118.0981
39 118.7651
40 119.394
41 119.9856
42 120.5403
43 121.0586
44 121.541
45 121.988
46 122.3999
47 122.7771
48 123.1198
49 123.4285
50 123.7032
51 123.9444
52 124.1521
53 124.3265
54 124.4678
55 124.576
56 124.6513
57 124.6938
58 124.7034
59 124.6801
60 124.624
61 124.5351
62 124.4131
63 124.2581
64 124.0698
65 123.8483
66 123.5932
67 123.3044
68 122.9816
69 122.6246
70 122.233
71 121.8066
72 121.345
73 120.8477
74 120.3143
75 119.7444
76 119.1373
77 118.4927
78 117.8097
79 117.0878
80 116.3262
81 115.5242
82 114.6808
83 113.7953
84 112.8665
85 111.8934
86 110.8749
87 109.8096
88 108.6963
89 107.5333
90 106.3191
91 105.052
92 103.7299
93 102.3507
94 100.9121
95 99.4116
96 97.8462
97 96.2128
98 94.5079
99 92.7275
100 90.8671
101 88.9219
102 86.8861
103 84.753
104 82.5153
105 80.1642
106 77.6892
107 75.0783
108 72.3166
109 69.3863
110 66.2648
111 62.9238
112 59.3261
113 55.4219
114 51.141
115 46.3792