0 39.9653
1 45.2268
2 49.8607
3 54.0285
4 57.8313
5 61.3369
6 64.5937
7 67.6377
8 70.4964
9 73.1916
10 75.7407
11 78.158
12 80.4554
13 82.6429
14 84.729
15 86.7211
16 88.6254
17 90.4475
18 92.1923
19 93.8641
20 95.4667
21 97.0036
22 98.4778
23 99.8922
24 101.2491
25 102.551
26 103.7998
27 104.9975
28 106.1458
29 107.2462
30 108.3003
31 109.3094
32 110.2747
33 111.1974
34 112.0785
35 112.9189
36 113.7196
37 114.4815
38 115.2052
39 115.8916
40 116.5412
41 117.1547
42 117.7326
43 118.2755
44 118.7838
45 119.258
46 119.6985
47 120.1057
48 120.4798
49 120.8213
50 121.1304
51 121.4072
52 121.6521
53 121.8653
54 122.0469
55 122.197
56 122.3157
57 122.4033
58 122.4596
59 122.4849
60 122.479
61 122.4419
62 122.3738
63 122.2744
64 122.1438
65 121.9817
66 121.7882
67 121.563
68 121.306
69 121.017
70 120.6957
71 120.3419
72 119.9552
73 119.5355
74 119.0822
75 118.5951
76 118.0738
77 117.5177
78 116.9263
79 116.2992
80 115.6357
81 114.9353
82 114.1972
83 113.4207
84 112.605
85 111.7492
86 110.8525
87 109.9138
88 108.9321
89 107.9061
90 106.8345
91 105.7161
92 104.5493
93 103.3324
94 102.0637
95 100.7413
96 99.3628
97 97.9261
98 96.4285
99 94.867
100 93.2386
101 91.5396
102 89.766
103 87.9134
104 85.9765
105 83.9496
106 81.8259
107 79.5978
108 77.2562
109 74.7905
110 72.1878
111 69.4329
112 66.5067
113 63.3857
114 60.0394
115 56.4277
116 52.4959
117 48.1657
118 43.3177