0 36.8745
1 42.2703
2 46.9761
3 51.1825
4 55.0042
5 58.5167
6 61.7727
7 64.8109
8 67.6606
9 70.3447
10 72.8816
11 75.2861
12 77.5706
13 79.7453
14 81.819
15 83.7993
16 85.6925
17 87.5043
18 89.2397
19 90.9031
20 92.4984
21 94.029
22 95.498
23 96.9082
24 98.2622
25 99.5623
26 100.8105
27 102.0087
28 103.1588
29 104.2622
30 105.3205
31 106.3349
32 107.3068
33 108.2373
34 109.1275
35 109.9782
36 110.7905
37 111.5652
38 112.303
39 113.0047
40 113.6709
41 114.3023
42 114.8994
43 115.4628
44 115.9929
45 116.4903
46 116.9553
47 117.3883
48 117.7897
49 118.1598
50 118.4988
51 118.8071
52 119.0849
53 119.3324
54 119.5498
55 119.7372
56 119.8948
57 120.0228
58 120.1211
59 120.1899
60 120.2293
61 120.2392
62 120.2197
63 120.1707
64 120.0923
65 119.9843
66 119.8467
67 119.6793
68 119.4821
69 119.2549
70 118.9976
71 118.7099
72 118.3916
73 118.0424
74 117.6622
75 117.2505
76 116.8071
77 116.3316
78 115.8236
79 115.2826
80 114.7083
81 114.1
82 113.4574
83 112.7796
84 112.0662
85 111.3165
86 110.5296
87 109.7049
88 108.8414
89 107.9382
90 106.9943
91 106.0086
92 104.98
93 103.9072
94 102.7887
95 101.6231
96 100.4088
97 99.1439
98 97.8264
99 96.4544
100 95.0252
101 93.5365
102 91.9851
103 90.368
104 88.6816
105 86.9217
106 85.0839
107 83.163
108 81.153
109 79.0472
110 76.8377
111 74.5153
112 72.069
113 69.4859
114 66.7499
115 63.8415
116 60.7358
117 57.401
118 53.7943
119 49.8567
120 45.5027