0 39.5531
1 44.3147
2 48.5445
3 52.3716
4 55.8789
5 59.1231
6 62.1457
7 64.9774
8 67.6423
9 70.1593
10 72.544
11 74.8089
12 76.9645
13 79.02
14 80.9828
15 82.8596
16 84.656
17 86.3772
18 88.0274
19 89.6107
20 91.1305
21 92.59
22 93.9919
23 95.3388
24 96.633
25 97.8766
26 99.0715
27 100.2194
28 101.3219
29 102.3806
30 103.3967
31 104.3715
32 105.3061
33 106.2016
34 107.059
35 107.8791
36 108.6629
37 109.4112
38 110.1245
39 110.8037
40 111.4493
41 112.0619
42 112.642
43 113.1902
44 113.707
45 114.1926
46 114.6476
47 115.0723
48 115.4671
49 115.8321
50 116.1678
51 116.4744
52 116.7521
53 117.001
54 117.2215
55 117.4136
56 117.5775
57 117.7134
58 117.8212
59 117.9011
60 117.9532
61 117.9774
62 117.9738
63 117.9424
64 117.8832
65 117.7961
66 117.6811
67 117.5381
68 117.3669
69 117.1675
70 116.9397
71 116.6834
72 116.3983
73 116.0843
74 115.741
75 115.3684
76 114.9659
77 114.5335
78 114.0706
79 113.577
80 113.0522
81 112.4959
82 111.9074
83 111.2864
84 110.6322
85 109.9443
86 109.222
87 108.4648
88 107.6717
89 106.842
90 105.9749
91 105.0694
92 104.1246
93 103.1393
94 102.1124
95 101.0426
96 99.9285
97 98.7687
98 97.5614
99 96.305
100 94.9974
101 93.6366
102 92.2201
103 90.7454
104 89.2096
105 87.6094
106 85.9413
107 84.2013
108 82.3847
109 80.4863
110 78.5004
111 76.4199
112 74.2371
113 71.9425
114 69.5251
115 66.9716
116 64.2657
117 61.3875
118 58.3112
119 55.0037
120 51.4205
121 47.499
122 43.1473