0 37.069
1 41.8698
2 46.1084
3 49.928
4 53.4188
5 56.6414
6 59.6394
7 62.4452
8 65.0836
9 67.5742
10 69.9328
11 72.1723
12 74.3036
13 76.3357
14 78.2763
15 80.132
16 81.9087
17 83.6113
18 85.2444
19 86.8117
20 88.317
21 89.7631
22 91.1531
23 92.4893
24 93.7741
25 95.0097
26 96.1978
27 97.3402
28 98.4385
29 99.4942
30 100.5086
31 101.483
32 102.4185
33 103.3161
34 104.1768
35 105.0016
36 105.7913
37 106.5466
38 107.2683
39 107.9571
40 108.6135
41 109.2382
42 109.8317
43 110.3946
44 110.9272
45 111.43
46 111.9035
47 112.3479
48 112.7637
49 113.1511
50 113.5104
51 113.8419
52 114.1459
53 114.4226
54 114.6721
55 114.8946
56 115.0903
57 115.2594
58 115.4019
59 115.518
60 115.6077
61 115.671
62 115.7081
63 115.719
64 115.7036
65 115.662
66 115.5941
67 115.4999
68 115.3793
69 115.2322
70 115.0585
71 114.8582
72 114.631
73 114.3768
74 114.0955
75 113.7868
76 113.4505
77 113.0863
78 112.6941
79 112.2734
80 111.824
81 111.3455
82 110.8376
83 110.2998
84 109.7317
85 109.1328
86 108.5027
87 107.8407
88 107.1463
89 106.4189
90 105.6577
91 104.8621
92 104.0311
93 103.1641
94 102.2601
95 101.318
96 100.3368
97 99.3153
98 98.2524
99 97.1466
100 95.9964
101 94.8003
102 93.5564
103 92.2629
104 90.9175
105 89.5181
106 88.062
107 86.5463
108 84.9679
109 83.3231
110 81.608
111 79.8181
112 77.9482
113 75.9924
114 73.9438
115 71.7946
116 69.5353
117 67.155
118 64.6401
119 61.9744
120 59.1375
121 56.1034
122 52.838
123 49.2956
124 45.4112
125 41.0881