0 34.8079
1 39.6315
2 43.8647
3 47.665
4 51.1291
5 54.3213
6 57.287
7 60.0599
8 62.6655
9 65.1239
10 67.4513
11 69.6606
12 71.763
13 73.7674
14 75.6817
15 77.5126
16 79.2658
17 80.9464
18 82.5588
19 84.107
20 85.5944
21 87.0241
22 88.399
23 89.7215
24 90.994
25 92.2185
26 93.3969
27 94.5309
28 95.6221
29 96.672
30 97.6819
31 98.653
32 99.5865
33 100.4833
34 101.3446
35 102.1711
36 102.9637
37 103.7232
38 104.4503
39 105.1457
40 105.81
41 106.4438
42 107.0476
43 107.622
44 108.1674
45 108.6842
46 109.1728
47 109.6337
48 110.0672
49 110.4735
50 110.8531
51 111.2061
52 111.5328
53 111.8335
54 112.1083
55 112.3575
56 112.5812
57 112.7796
58 112.9528
59 113.1009
60 113.224
61 113.3223
62 113.3957
63 113.4443
64 113.4681
65 113.4672
66 113.4416
67 113.3912
68 113.316
69 113.216
70 113.0911
71 112.9412
72 112.7662
73 112.566
74 112.3405
75 112.0895
76 111.8128
77 111.5102
78 111.1816
79 110.8267
80 110.4453
81 110.037
82 109.6016
83 109.1387
84 108.6481
85 108.1292
86 107.5818
87 107.0053
88 106.3994
89 105.7634
90 105.0969
91 104.3993
92 103.6698
93 102.908
94 102.113
95 101.284
96 100.4202
97 99.5208
98 98.5847
99 97.6108
100 96.5981
101 95.5453
102 94.4511
103 93.3139
104 92.1323
105 90.9044
106 89.6284
107 88.3022
108 86.9235
109 85.4897
110 83.9981
111 82.4454
112 80.8283
113 79.1426
114 77.384
115 75.5474
116 73.6268
117 71.6156
118 69.506
119 67.2885
120 64.9522
121 62.4838
122 59.867
123 57.0812
124 54.1004
125 50.8905
126 47.4047
127 43.5771
128 39.3078