0 32.7569
1 37.5872
2 41.8019
3 45.5721
4 49.0005
5 52.1545
6 55.0813
7 57.8154
8 60.383
9 62.8045
10 65.0962
11 67.2714
12 69.3411
13 71.3144
14 73.1992
15 75.002
16 76.7288
17 78.3844
18 79.9734
19 81.4996
20 82.9665
21 84.3772
22 85.7344
23 87.0408
24 88.2984
25 89.5094
26 90.6756
27 91.7988
28 92.8806
29 93.9222
30 94.9251
31 95.8905
32 96.8195
33 97.7131
34 98.5724
35 99.3981
36 100.1911
37 100.9523
38 101.6822
39 102.3816
40 103.0511
41 103.6913
42 104.3027
43 104.8858
44 105.4411
45 105.9691
46 106.47
47 106.9444
48 107.3925
49 107.8148
50 108.2114
51 108.5827
52 108.9289
53 109.2503
54 109.5471
55 109.8195
56 110.0676
57 110.2917
58 110.4919
59 110.6683
60 110.821
61 110.9501
62 111.0557
63 111.1379
64 111.1968
65 111.2323
66 111.2444
67 111.2333
68 111.1988
69 111.141
70 111.0599
71 110.9553
72 110.8272
73 110.6755
74 110.5002
75 110.3011
76 110.078
77 109.831
78 109.5596
79 109.2639
80 108.9436
81 108.5985
82 108.2283
83 107.8328
84 107.4117
85 106.9647
86 106.4915
87 105.9917
88 105.465
89 104.9109
90 104.329
91 103.7189
92 103.08
93 102.4118
94 101.7137
95 100.9851
96 100.2254
97 99.4338
98 98.6095
99 97.7518
100 96.8597
101 95.9323
102 94.9685
103 93.9673
104 92.9274
105 91.8475
106 90.7261
107 89.5618
108 88.3528
109 87.0973
110 85.7932
111 84.4382
112 83.0299
113 81.5656
114 80.0421
115 78.4559
116 76.8033
117 75.0798
118 73.2804
119 71.3994
120 69.4302
121 67.365
122 65.1946
123 62.9083
124 60.4928
125 57.9321
126 55.2058
127 52.2882
128 49.1451
129 45.7301
130 41.9768
131 37.7846