0 17.0931
1 19.3489
2 21.3499
3 23.1624
4 24.8275
5 26.3733
6 27.8197
7 29.1813
8 30.4697
9 31.6937
10 32.8605
11 33.976
12 35.0452
13 36.072
14 37.0602
15 38.0126
16 38.9319
17 39.8204
18 40.68
19 41.5127
20 42.32
21 43.1033
22 43.8639
23 44.6029
24 45.3215
25 46.0206
26 46.701
27 47.3635
28 48.009
29 48.638
30 49.2513
31 49.8493
32 50.4327
33 51.0018
34 51.5573
35 52.0996
36 52.6289
37 53.1459
38 53.6507
39 54.1437
40 54.6253
41 55.0958
42 55.5554
43 56.0043
44 56.443
45 56.8715
46 57.2902
47 57.6992
48 58.0987
49 58.489
50 58.8702
51 59.2425
52 59.606
53 59.961
54 60.3075
55 60.6458
56 60.9759
57 61.298
58 61.6122
59 61.9186
60 62.2174
61 62.5086
62 62.7924
63 63.0689
64 63.3381
65 63.6002
66 63.8552
67 64.1032
68 64.3443
69 64.5786
70 64.8062
71 65.0271
72 65.2414
73 65.4491
74 65.6503
75 65.8452
76 66.0336
77 66.2158
78 66.3917
79 66.5614
80 66.7249
81 66.8823
82 67.0337
83 67.179
84 67.3183
85 67.4517
86 67.5791
87 67.7007
88 67.8164
89 67.9262
90 68.0303
91 68.1286
92 68.2212
93 68.308
94 68.3891
95 68.4646
96 68.5344
97 68.5985
98 68.6571
99 68.71
100 68.7573
101 68.799
102 68.8351
103 68.8657
104 68.8907
105 68.9102
106 68.924
107 68.9324
108 68.9352
109 68.9324
110 68.9241
111 68.9103
112 68.8909
113 68.866
114 68.8354
115 68.7994
116 68.7577
117 68.7104
118 68.6576
119 68.5991
120 68.535
121 68.4653
122 68.3899
123 68.3088
124 68.222
125 68.1295
126 68.0312
127 67.9272
128 67.8174
129 67.7017
130 67.5802
131 67.4529
132 67.3195
133 67.1803
134 67.035
135 66.8837
136 66.7264
137 66.5629
138 66.3933
139 66.2174
140 66.0353
141 65.8469
142 65.6521
143 65.4509
144 65.2433
145 65.029
146 64.8082
147 64.5807
148 64.3465
149 64.1054
150 63.8574
151 63.6025
152 63.3405
153 63.0714
154 62.795
155 62.5112
156 62.2201
157 61.9213
158 61.615
159 61.3008
160 60.9788
161 60.6488
162 60.3106
163 59.9641
164 59.6093
165 59.2458
166 58.8736
167 58.4925
168 58.1023
169 57.7028
170 57.2939
171 56.8754
172 56.4469
173 56.0084
174 55.5595
175 55.1
176 54.6296
177 54.1481
178 53.6552
179 53.1505
180 52.6337
181 52.1044
182 51.5623
183 51.0069
184 50.4379
185 49.8546
186 49.2568
187 48.6437
188 48.0148
189 47.3695
190 46.7071
191 46.0268
192 45.3279
193 44.6095
194 43.8707
195 43.1103
196 42.3272
197 41.5202
198 40.6877
199 39.8283
200 38.9401
201 38.021
202 37.069