0 35.7225
1 39.9067
2 43.6372
3 47.0221
4 50.1314
5 53.0138
6 55.7043
7 58.2296
8 60.6104
9 62.863
10 65.0009
11 67.0349
12 68.9743
13 70.8269
14 72.5992
15 74.2971
16 75.9255
17 77.4888
18 78.9909
19 80.4352
20 81.8248
21 83.1624
22 84.4504
23 85.6912
24 86.8867
25 88.0388
26 89.1491
27 90.2193
28 91.2507
29 92.2446
30 93.2022
31 94.1247
32 95.013
33 95.8681
34 96.6908
35 97.4821
36 98.2427
37 98.9732
38 99.6743
39 100.3467
40 100.9909
41 101.6075
42 102.1969
43 102.7597
44 103.2962
45 103.8068
46 104.2921
47 104.7522
48 105.1875
49 105.5984
50 105.9851
51 106.3479
52 106.687
53 107.0027
54 107.2951
55 107.5645
56 107.811
57 108.0348
58 108.236
59 108.4148
60 108.5712
61 108.7053
62 108.8173
63 108.9072
64 108.975
65 109.0209
66 109.0448
67 109.0467
68 109.0267
69 108.9847
70 108.9206
71 108.8346
72 108.7265
73 108.5962
74 108.4437
75 108.2689
76 108.0716
77 107.8518
78 107.6093
79 107.3439
80 107.0555
81 106.7439
82 106.4089
83 106.0503
84 105.6678
85 105.2612
86 104.8301
87 104.3743
88 103.8935
89 103.3873
90 102.8554
91 102.2972
92 101.7125
93 101.1007
94 100.4614
95 99.794
96 99.0979
97 98.3726
98 97.6173
99 96.8315
100 96.0142
101 95.1649
102 94.2824
103 93.366
104 92.4146
105 91.4272
106 90.4024
107 89.3392
108 88.2359
109 87.0913
110 85.9035
111 84.6708
112 83.3911
113 82.0624
114 80.6821
115 79.2476
116 77.7559
117 76.2035
118 74.5868
119 72.9014
120 71.1424
121 69.3044
122 67.3807
123 65.3638
124 63.2448
125 61.0131
126 58.6559
127 56.1572
128 53.4973
129 50.6508
130 47.5842
131 44.2517
132 40.5881
133 36.4936