0 34.0216
1 38.1648
2 41.8475
3 45.1825
4 48.2419
5 51.0752
6 53.7183
7 56.198
8 58.5351
9 60.746
10 62.844
11 64.8402
12 66.7436
13 68.562
14 70.3019
15 71.9692
16 73.5686
17 75.1045
18 76.5809
19 78.0009
20 79.3677
21 80.684
22 81.9522
23 83.1745
24 84.3529
25 85.4892
26 86.5851
27 87.6421
28 88.6615
29 89.6447
30 90.5929
31 91.507
32 92.3883
33 93.2374
34 94.0555
35 94.8431
36 95.6012
37 96.3304
38 97.0313
39 97.7045
40 98.3507
41 98.9703
42 99.5639
43 100.1319
44 100.6748
45 101.1929
46 101.6866
47 102.1563
48 102.6023
49 103.0249
50 103.4245
51 103.8012
52 104.1553
53 104.4871
54 104.7967
55 105.0844
56 105.3504
57 105.5947
58 105.8176
59 106.0192
60 106.1995
61 106.3588
62 106.4972
63 106.6146
64 106.7111
65 106.7869
66 106.8419
67 106.8763
68 106.8899
69 106.8829
70 106.8552
71 106.8068
72 106.7376
73 106.6477
74 106.537
75 106.4054
76 106.2528
77 106.0792
78 105.8844
79 105.6684
80 105.4309
81 105.1719
82 104.8912
83 104.5886
84 104.264
85 103.917
86 103.5476
87 103.1554
88 102.7401
89 102.3017
90 101.8396
91 101.3536
92 100.8433
93 100.3085
94 99.7486
95 99.1632
96 98.552
97 97.9143
98 97.2498
99 96.5578
100 95.8378
101 95.089
102 94.3109
103 93.5027
104 92.6636
105 91.7927
106 90.8892
107 89.9521
108 88.9802
109 87.9725
110 86.9277
111 85.8444
112 84.7212
113 83.5565
114 82.3485
115 81.0952
116 79.7946
117 78.4442
118 77.0415
119 75.5836
120 74.0671
121 72.4884
122 70.8434
123 69.1273
124 67.3347
125 65.4593
126 63.4938
127 61.4295
128 59.256
129 56.961
130 54.529
131 51.9408
132 49.1717
133 46.1893
134 42.9491
135 39.3876
136 35.4078