0 32.4687
1 36.5618
2 40.1899
3 43.4697
4 46.475
5 49.256
6 51.8488
7 54.2804
8 56.5716
9 58.7388
10 60.7953
11 62.7519
12 64.6179
13 66.4007
14 68.1069
15 69.7421
16 71.3113
17 72.8187
18 74.268
19 75.6626
20 77.0055
21 78.2993
22 79.5464
23 80.749
24 81.9091
25 83.0284
26 84.1085
27 85.151
28 86.1572
29 87.1283
30 88.0656
31 88.9701
32 89.8428
33 90.6846
34 91.4963
35 92.2788
36 93.0328
37 93.759
38 94.458
39 95.1304
40 95.7768
41 96.3977
42 96.9935
43 97.5649
44 98.1121
45 98.6356
46 99.1357
47 99.6129
48 100.0674
49 100.4995
50 100.9096
51 101.2979
52 101.6646
53 102.01
54 102.3343
55 102.6377
56 102.9204
57 103.1826
58 103.4243
59 103.6458
60 103.8472
61 104.0286
62 104.1901
63 104.3318
64 104.4537
65 104.556
66 104.6387
67 104.7019
68 104.7455
69 104.7697
70 104.7743
71 104.7595
72 104.7253
73 104.6715
74 104.5981
75 104.5052
76 104.3927
77 104.2605
78 104.1085
79 103.9367
80 103.7449
81 103.5331
82 103.3011
83 103.0487
84 102.7759
85 102.4825
86 102.1682
87 101.833
88 101.4765
89 101.0986
90 100.699
91 100.2775
92 99.8337
93 99.3675
94 98.8784
95 98.3662
96 97.8304
97 97.2706
98 96.6866
99 96.0778
100 95.4437
101 94.7838
102 94.0976
103 93.3846
104 92.644
105 91.8753
106 91.0777
107 90.2504
108 89.3926
109 88.5035
110 87.5821
111 86.6273
112 85.6381
113 84.6132
114 83.5513
115 82.451
116 81.3107
117 80.1288
118 78.9032
119 77.6321
120 76.3131
121 74.9436
122 73.521
123 72.0419
124 70.5028
125 68.8999
126 67.2283
127 65.483
128 63.6579
129 61.7458
130 59.7384
131 57.6258
132 55.3959
133 53.0339
134 50.5214
135 47.8346
136 44.9421
137 41.8015
138 38.3517
139 34.5002