0 31.0474
1 35.083
2 38.6513
3 41.872
4 44.8201
5 47.5462
6 50.0867
7 52.4686
8 54.7124
9 56.8347
10 58.8485
11 60.7647
12 62.5921
13 64.3384
14 66.01
15 67.6125
16 69.1506
17 70.6286
18 72.0501
19 73.4184
20 74.7366
21 76.007
22 77.2322
23 78.4143
24 79.5551
25 80.6564
26 81.7198
27 82.7468
28 83.7387
29 84.6968
30 85.6222
31 86.5158
32 87.3788
33 88.212
34 89.0162
35 89.7923
36 90.5409
37 91.2627
38 91.9583
39 92.6284
40 93.2735
41 93.8941
42 94.4907
43 95.0637
44 95.6136
45 96.1408
46 96.6456
47 97.1283
48 97.5894
49 98.0291
50 98.4477
51 98.8454
52 99.2226
53 99.5794
54 99.9162
55 100.2329
56 100.53
57 100.8075
58 101.0655
59 101.3044
60 101.5241
61 101.7248
62 101.9066
63 102.0697
64 102.214
65 102.3398
66 102.447
67 102.5357
68 102.606
69 102.6579
70 102.6914
71 102.7066
72 102.7034
73 102.6818
74 102.642
75 102.5837
76 102.507
77 102.4119
78 102.2983
79 102.1661
80 102.0152
81 101.8457
82 101.6573
83 101.45
84 101.2237
85 100.9782
86 100.7134
87 100.4292
88 100.1253
89 99.8016
90 99.458
91 99.0941
92 98.7098
93 98.3048
94 97.879
95 97.4319
96 96.9633
97 96.473
98 95.9605
99 95.4255
100 94.8676
101 94.2864
102 93.6816
103 93.0525
104 92.3988
105 91.7199
106 91.0153
107 90.2842
108 89.5262
109 88.7405
110 87.9263
111 87.0829
112 86.2093
113 85.3048
114 84.3682
115 83.3985
116 82.3946
117 81.3551
118 80.2787
119 79.1639
120 78.009
121 76.8122
122 75.5716
123 74.2848
124 72.9496
125 71.5632
126 70.1224
127 68.6241
128 67.0641
129 65.4383
130 63.7414
131 61.9677
132 60.1104
133 58.1615
134 56.1114
135 53.9486
136 51.6589
137 49.2246
138 46.6232
139 43.8248
140 40.7888
141 37.4577
142 33.7441