0 29.742
1 33.7144
2 37.219
3 40.3779
4 43.2667
5 45.9365
6 48.4234
7 50.7545
8 52.9503
9 55.0269
10 56.9975
11 58.8726
12 60.6611
13 62.3705
14 64.007
15 65.5763
16 67.0829
17 68.531
18 69.9242
19 71.2658
20 72.5587
21 73.8053
22 75.008
23 76.1689
24 77.2899
25 78.3726
26 79.4186
27 80.4294
28 81.4063
29 82.3505
30 83.2631
31 84.1451
32 84.9974
33 85.8211
34 86.6168
35 87.3853
36 88.1274
37 88.8438
38 89.5349
39 90.2015
40 90.844
41 91.463
42 92.0589
43 92.6323
44 93.1834
45 93.7126
46 94.2205
47 94.7073
48 95.1732
49 95.6187
50 96.0441
51 96.4495
52 96.8352
53 97.2015
54 97.5486
55 97.8767
56 98.186
57 98.4766
58 98.7487
59 99.0025
60 99.2382
61 99.4557
62 99.6554
63 99.8372
64 100.0013
65 100.1477
66 100.2766
67 100.3879
68 100.4818
69 100.5584
70 100.6175
71 100.6594
72 100.6839
73 100.6912
74 100.6812
75 100.6539
76 100.6092
77 100.5473
78 100.468
79 100.3713
80 100.2571
81 100.1255
82 99.9762
83 99.8093
84 99.6246
85 99.4221
86 99.2017
87 98.9632
88 98.7064
89 98.4313
90 98.1377
91 97.8255
92 97.4944
93 97.1442
94 96.7748
95 96.3859
96 95.9774
97 95.5488
98 95.1001
99 94.6308
100 94.1407
101 93.6294
102 93.0967
103 92.542
104 91.9651
105 91.3655
106 90.7428
107 90.0965
108 89.426
109 88.7309
110 88.0105
111 87.2642
112 86.4913
113 85.6912
114 84.863
115 84.006
116 83.1191
117 82.2016
118 81.2522
119 80.27
120 79.2537
121 78.2018
122 77.1131
123 75.9859
124 74.8185
125 73.6089
126 72.355
127 71.0545
128 69.7049
129 68.3031
130 66.8458
131 65.3295
132 63.7498
133 62.102
134 60.3804
135 58.5786
136 56.6889
137 54.7021
138 52.6074
139 50.3911
140 48.0366
141 45.5224
142 42.8203
143 39.8922
144 36.684
145 33.1144