0 28.5374
1 32.4426
2 35.881
3 38.9762
4 41.8047
5 44.4174
6 46.8504
7 49.1304
8 51.2778
9 53.3086
10 55.2358
11 57.0698
12 58.8193
13 60.4917
14 62.0931
15 63.629
16 65.104
17 66.5222
18 67.887
19 69.2017
20 70.469
21 71.6916
22 72.8715
23 74.0109
24 75.1116
25 76.1753
26 77.2036
27 78.1977
28 79.1591
29 80.0888
30 80.988
31 81.8576
32 82.6987
33 83.5121
34 84.2985
35 85.0587
36 85.7935
37 86.5034
38 87.1891
39 87.8512
40 88.4901
41 89.1064
42 89.7005
43 90.2729
44 90.824
45 91.3541
46 91.8637
47 92.3531
48 92.8225
49 93.2723
50 93.7028
51 94.1143
52 94.5069
53 94.881
54 95.2367
55 95.5743
56 95.8938
57 96.1957
58 96.4799
59 96.7466
60 96.996
61 97.2282
62 97.4434
63 97.6416
64 97.823
65 97.9877
66 98.1356
67 98.267
68 98.3818
69 98.4802
70 98.5622
71 98.6278
72 98.677
73 98.7099
74 98.7266
75 98.7269
76 98.7109
77 98.6787
78 98.6301
79 98.5651
80 98.4838
81 98.3861
82 98.2719
83 98.1412
84 97.9939
85 97.8299
86 97.6492
87 97.4517
88 97.2372
89 97.0056
90 96.7569
91 96.4909
92 96.2074
93 95.9063
94 95.5874
95 95.2506
96 94.8956
97 94.5223
98 94.1304
99 93.7197
100 93.2899
101 92.8409
102 92.3722
103 91.8837
104 91.3749
105 90.8456
106 90.2954
107 89.7238
108 89.1306
109 88.5152
110 87.8772
111 87.2161
112 86.5314
113 85.8224
114 85.0887
115 84.3294
116 83.5441
117 82.7318
118 81.8919
119 81.0234
120 80.1254
121 79.1969
122 78.2368
123 77.244
124 76.2172
125 75.1549
126 74.0557
127 72.9179
128 71.7396
129 70.5188
130 69.2533
131 67.9406
132 66.5778
133 65.1619
134 63.6893
135 62.1559
136 60.5571
137 58.8877
138 57.1414
139 55.311
140 53.3877
141 51.3613
142 49.2188
143 46.9445
144 44.5181
145 41.9132
146 39.0942
147 36.0109
148 32.5882