0 27.4194
1 31.2549
2 34.6257
3 37.6568
4 40.4247
5 42.9803
6 45.3593
7 47.5885
8 49.6878
9 51.6732
10 53.5573
11 55.3505
12 57.0613
13 58.6969
14 60.2635
15 61.7663
16 63.2099
17 64.5981
18 65.9347
19 67.2225
20 68.4644
21 69.6628
22 70.8199
23 71.9377
24 73.0181
25 74.0626
26 75.0728
27 76.05
28 76.9955
29 77.9104
30 78.7958
31 79.6527
32 80.482
33 81.2845
34 82.0611
35 82.8124
36 83.5391
37 84.2419
38 84.9214
39 85.5781
40 86.2126
41 86.8252
42 87.4166
43 87.9871
44 88.5371
45 89.067
46 89.5772
47 90.0679
48 90.5396
49 90.9924
50 91.4268
51 91.8429
52 92.241
53 92.6213
54 92.9841
55 93.3295
56 93.6577
57 93.969
58 94.2635
59 94.5413
60 94.8026
61 95.0475
62 95.2762
63 95.4888
64 95.6853
65 95.8659
66 96.0307
67 96.1798
68 96.3131
69 96.4309
70 96.5331
71 96.6197
72 96.691
73 96.7467
74 96.7871
75 96.8121
76 96.8218
77 96.816
78 96.7949
79 96.7584
80 96.7065
81 96.6392
82 96.5564
83 96.4582
84 96.3444
85 96.215
86 96.0699
87 95.9091
88 95.7325
89 95.54
90 95.3315
91 95.1069
92 94.8661
93 94.6089
94 94.3353
95 94.0451
96 93.7381
97 93.4141
98 93.073
99 92.7147
100 92.3388
101 91.9453
102 91.5337
103 91.104
104 90.6559
105 90.189
106 89.7031
107 89.1979
108 88.673
109 88.1281
110 87.5628
111 86.9768
112 86.3695
113 85.7406
114 85.0896
115 84.4159
116 83.7191
117 82.9984
118 82.2534
119 81.4833
120 80.6874
121 79.865
122 79.0151
123 78.137
124 77.2297
125 76.292
126 75.323
127 74.3212
128 73.2856
129 72.2144
130 71.1062
131 69.9592
132 68.7714
133 67.5408
134 66.2648
135 64.9409
136 63.566
137 62.1368
138 60.6494
139 59.0994
140 57.4817
141 55.7906
142 54.019
143 52.1588
144 50.2001
145 48.1309
146 45.9363
147 43.5974
148 41.0894
149 38.3793
150 35.4207
151 32.1451