0 26.3748
1 30.1398
2 33.4429
3 36.4101
4 39.1178
5 41.6168
6 43.9427
7 46.1217
8 48.1736
9 50.1142
10 51.9559
11 53.7089
12 55.3816
13 56.981
14 58.5132
15 59.9834
16 61.3959
17 62.7548
18 64.0633
19 65.3245
20 66.5412
21 67.7156
22 68.8501
23 69.9464
24 71.0065
25 72.0318
26 73.0239
27 73.984
28 74.9135
29 75.8134
30 76.6848
31 77.5287
32 78.3458
33 79.1372
34 79.9034
35 80.6454
36 81.3636
37 82.0587
38 82.7314
39 83.3821
40 84.0114
41 84.6198
42 85.2076
43 85.7753
44 86.3234
45 86.8521
46 87.3619
47 87.8531
48 88.3259
49 88.7807
50 89.2177
51 89.6373
52 90.0395
53 90.4248
54 90.7933
55 91.1451
56 91.4806
57 91.7998
58 92.103
59 92.3903
60 92.6618
61 92.9177
62 93.1581
63 93.3831
64 93.5929
65 93.7876
66 93.9671
67 94.1317
68 94.2814
69 94.4163
70 94.5364
71 94.6418
72 94.7326
73 94.8087
74 94.8703
75 94.9173
76 94.9498
77 94.9678
78 94.9713
79 94.9602
80 94.9347
81 94.8946
82 94.84
83 94.7708
84 94.6871
85 94.5887
86 94.4756
87 94.3478
88 94.2052
89 94.0477
90 93.8753
91 93.6879
92 93.4853
93 93.2676
94 93.0346
95 92.7861
96 92.522
97 92.2423
98 91.9468
99 91.6352
100 91.3076
101 90.9636
102 90.6031
103 90.2259
104 89.8317
105 89.4205
106 88.9918
107 88.5456
108 88.0814
109 87.599
110 87.0982
111 86.5786
112 86.0398
113 85.4815
114 84.9033
115 84.3049
116 83.6856
117 83.0452
118 82.3831
119 81.6988
120 80.9917
121 80.2612
122 79.5066
123 78.7274
124 77.9226
125 77.0917
126 76.2335
127 75.3474
128 74.4322
129 73.4868
130 72.5102
131 71.5009
132 70.4577
133 69.3789
134 68.2629
135 67.1078
136 65.9116
137 64.672
138 63.3865
139 62.0521
140 60.6657
141 59.2236
142 57.7216
143 56.155
144 54.5182
145 52.8046
146 51.0064
147 49.1145
148 47.1175
149 45.0015
150 42.7487
151 40.3362
152 37.7335
153 34.898
154 31.7674