0 25.3916
1 29.0865
2 32.3228
3 35.2271
4 37.8758
5 40.3194
6 42.5932
7 44.7231
8 46.7288
9 48.6256
10 50.4259
11 52.1395
12 53.7749
13 55.339
14 56.8376
15 58.2757
16 59.6579
17 60.9878
18 62.2688
19 63.5039
20 64.6958
21 65.8466
22 66.9587
23 68.0338
24 69.0737
25 70.08
26 71.0541
27 71.9973
28 72.9107
29 73.7956
30 74.6529
31 75.4836
32 76.2885
33 77.0684
34 77.8241
35 78.5563
36 79.2657
37 79.9528
38 80.6182
39 81.2624
40 81.886
41 82.4894
42 83.0731
43 83.6375
44 84.1829
45 84.7097
46 85.2183
47 85.709
48 86.182
49 86.6378
50 87.0765
51 87.4985
52 87.9039
53 88.293
54 88.666
55 89.0231
56 89.3644
57 89.6903
58 90.0008
59 90.2961
60 90.5763
61 90.8417
62 91.0922
63 91.3281
64 91.5494
65 91.7563
66 91.9489
67 92.1272
68 92.2913
69 92.4413
70 92.5773
71 92.6994
72 92.8075
73 92.9017
74 92.9822
75 93.0488
76 93.1017
77 93.1409
78 93.1664
79 93.1781
80 93.1762
81 93.1605
82 93.1311
83 93.0881
84 93.0313
85 92.9607
86 92.8763
87 92.7781
88 92.666
89 92.54
90 92.4001
91 92.246
92 92.0779
93 91.8955
94 91.6989
95 91.4879
96 91.2624
97 91.0224
98 90.7677
99 90.4981
100 90.2136
101 89.914
102 89.5991
103 89.2689
104 88.923
105 88.5614
106 88.1839
107 87.7902
108 87.3801
109 86.9534
110 86.5098
111 86.0492
112 85.5711
113 85.0754
114 84.5616
115 84.0295
116 83.4788
117 82.909
118 82.3197
119 81.7106
120 81.0812
121 80.431
122 79.7594
123 79.0661
124 78.3503
125 77.6115
126 76.8489
127 76.062
128 75.2498
129 74.4117
130 73.5466
131 72.6537
132 71.7319
133 70.7801
134 69.797
135 68.7812
136 67.7315
137 66.646
138 65.5231
139 64.3608
140 63.1569
141 61.909
142 60.6144
143 59.27
144 57.8723
145 56.4174
146 54.9007
147 53.317
148 51.6601
149 49.9227
150 48.0961
151 46.1697
152 44.1304
153 41.9618
154 39.6426
155 37.1447
156 34.4292
157 31.4398