0 24.4271
1 28.0602
2 31.2361
3 34.0829
4 36.6773
5 39.0696
6 41.295
7 43.3791
8 45.3415
9 47.1973
10 48.9586
11 50.6354
12 52.2357
13 53.7663
14 55.2332
15 56.6411
16 57.9945
17 59.2971
18 60.552
19 61.7623
20 62.9306
21 64.059
22 65.1497
23 66.2045
24 67.2252
25 68.2133
26 69.1701
27 70.097
28 70.995
29 71.8654
30 72.7091
31 73.527
32 74.3199
33 75.0887
34 75.8341
35 76.5567
36 77.2573
37 77.9363
38 78.5945
39 79.2322
40 79.85
41 80.4483
42 81.0275
43 81.5882
44 82.1306
45 82.6551
46 83.162
47 83.6517
48 84.1245
49 84.5806
50 85.0204
51 85.444
52 85.8517
53 86.2438
54 86.6204
55 86.9818
56 87.3281
57 87.6595
58 87.9763
59 88.2784
60 88.5662
61 88.8396
62 89.099
63 89.3443
64 89.5758
65 89.7934
66 89.9974
67 90.1877
68 90.3646
69 90.528
70 90.6781
71 90.8148
72 90.9384
73 91.0487
74 91.1459
75 91.2301
76 91.3012
77 91.3592
78 91.4043
79 91.4364
80 91.4555
81 91.4616
82 91.4548
83 91.4351
84 91.4024
85 91.3567
86 91.298
87 91.2263
88 91.1415
89 91.0436
90 90.9326
91 90.8085
92 90.671
93 90.5203
94 90.3563
95 90.1787
96 89.9877
97 89.7831
98 89.5648
99 89.3327
100 89.0867
101 88.8266
102 88.5524
103 88.264
104 87.9611
105 87.6437
106 87.3115
107 86.9645
108 86.6024
109 86.225
110 85.8322
111 85.4237
112 84.9993
113 84.5587
114 84.1018
115 83.6282
116 83.1377
117 82.6299
118 82.1045
119 81.5612
120 80.9997
121 80.4195
122 79.8202
123 79.2015
124 78.5628
125 77.9037
126 77.2236
127 76.5219
128 75.7982
129 75.0517
130 74.2817
131 73.4876
132 72.6685
133 71.8235
134 70.9518
135 70.0524
136 69.1241
137 68.1658
138 67.1762
139 66.1538
140 65.0973
141 64.0048
142 62.8744
143 61.7042
144 60.4918
145 59.2346
146 57.9296
147 56.5737
148 55.1629
149 53.6931
150 52.1592
151 50.5553
152 48.8746
153 47.1089
154 45.2482
155 43.2803
156 41.1897
157 38.9569
158 36.5556
159 33.9502
160 31.0894
161 27.8947