0 16.9914
1 19.1801
2 21.1263
3 22.8918
4 24.5158
5 26.0247
6 27.4375
7 28.7684
8 30.0283
9 31.2257
10 32.3677
11 33.4599
12 34.507
13 35.5129
14 36.4812
15 37.4148
16 38.3161
17 39.1874
18 40.0306
19 40.8476
20 41.6397
21 42.4086
22 43.1553
23 43.881
24 44.5867
25 45.2734
26 45.9419
27 46.5931
28 47.2275
29 47.846
30 48.449
31 49.0372
32 49.6111
33 50.1712
34 50.7179
35 51.2517
36 51.773
37 52.2821
38 52.7794
39 53.2653
40 53.7399
41 54.2038
42 54.657
43 55.0999
44 55.5327
45 55.9556
46 56.369
47 56.7729
48 57.1676
49 57.5533
50 57.9301
51 58.2982
52 58.6579
53 59.0091
54 59.3522
55 59.6872
56 60.0143
57 60.3336
58 60.6452
59 60.9492
60 61.2458
61 61.535
62 61.817
63 62.0919
64 62.3597
65 62.6206
66 62.8746
67 63.1218
68 63.3623
69 63.5961
70 63.8235
71 64.0443
72 64.2587
73 64.4667
74 64.6685
75 64.864
76 65.0534
77 65.2366
78 65.4137
79 65.5848
80 65.75
81 65.9092
82 66.0625
83 66.21
84 66.3516
85 66.4875
86 66.6176
87 66.7421
88 66.8608
89 66.974
90 67.0815
91 67.1834
92 67.2797
93 67.3706
94 67.4559
95 67.5357
96 67.61
97 67.6789
98 67.7423
99 67.8004
100 67.853
101 67.9002
102 67.942
103 67.9784
104 68.0095
105 68.0352
106 68.0556
107 68.0706
108 68.0802
109 68.0845
110 68.0835
111 68.0771
112 68.0654
113 68.0483
114 68.0259
115 67.9981
116 67.965
117 67.9265
118 67.8826
119 67.8333
120 67.7786
121 67.7185
122 67.653
123 67.582
124 67.5055
125 67.4236
126 67.3362
127 67.2432
128 67.1447
129 67.0406
130 66.931
131 66.8157
132 66.6947
133 66.5681
134 66.4357
135 66.2976
136 66.1538
137 66.004
138 65.8485
139 65.687
140 65.5195
141 65.3461
142 65.1666
143 64.981
144 64.7893
145 64.5914
146 64.3872
147 64.1767
148 63.9598
149 63.7365
150 63.5067
151 63.2703
152 63.0272
153 62.7774
154 62.5207
155 62.2572
156 61.9867
157 61.7091
158 61.4243
159 61.1322
160 60.8328
161 60.5258
162 60.2113
163 59.889
164 59.5589
165 59.2208
166 58.8746
167 58.5201
168 58.1572
169 57.7857
170 57.4055
171 57.0164
172 56.6181
173 56.2106
174 55.7936
175 55.3669
176 54.9302
177 54.4833
178 54.0261
179 53.5581
180 53.0791
181 52.5889
182 52.0871
183 51.5733
184 51.0473
185 50.5085
186 49.9567
187 49.3913
188 48.812
189 48.2181
190 47.6092
191 46.9847
192 46.3439
193 45.6861
194 45.0107
195 44.3167
196 43.6034
197 42.8697
198 42.1146
199 41.3369
200 40.5354
201 39.7085