0 16.8489
1 18.9796
2 20.8775
3 22.6014
4 24.1885
5 25.6642
6 27.0467
7 28.3497
8 29.5836
9 30.7568
10 31.8761
11 32.9468
12 33.9736
13 34.9603
14 35.9103
15 36.8264
16 37.711
17 38.5664
18 39.3945
19 40.1968
20 40.975
21 41.7304
22 42.4641
23 43.1774
24 43.8712
25 44.5464
26 45.2039
27 45.8443
28 46.4685
29 47.0771
30 47.6706
31 48.2496
32 48.8147
33 49.3662
34 49.9048
35 50.4307
36 50.9443
37 51.4461
38 51.9364
39 52.4155
40 52.8837
41 53.3413
42 53.7885
43 54.2257
44 54.653
45 55.0708
46 55.4791
47 55.8782
48 56.2684
49 56.6497
50 57.0224
51 57.3867
52 57.7426
53 58.0904
54 58.4302
55 58.7622
56 59.0864
57 59.403
58 59.7121
59 60.0139
60 60.3083
61 60.5957
62 60.876
63 61.1493
64 61.4158
65 61.6755
66 61.9285
67 62.1749
68 62.4148
69 62.6482
70 62.8753
71 63.096
72 63.3105
73 63.5189
74 63.7211
75 63.9172
76 64.1073
77 64.2915
78 64.4698
79 64.6422
80 64.8088
81 64.9696
82 65.1248
83 65.2742
84 65.418
85 65.5562
86 65.6889
87 65.816
88 65.9376
89 66.0537
90 66.1644
91 66.2696
92 66.3695
93 66.464
94 66.5532
95 66.637
96 66.7156
97 66.7889
98 66.8569
99 66.9196
100 66.9771
101 67.0294
102 67.0765
103 67.1184
104 67.1551
105 67.1866
106 67.213
107 67.2342
108 67.2502
109 67.261
110 67.2668
111 67.2673
112 67.2627
113 67.253
114 67.238
115 67.218
116 67.1927
117 67.1623
118 67.1268
119 67.086
120 67.04
121 66.9888
122 66.9325
123 66.8708
124 66.804
125 66.7318
126 66.6544
127 66.5717
128 66.4837
129 66.3904
130 66.2916
131 66.1875
132 66.078
133 65.9631
134 65.8427
135 65.7167
136 65.5853
137 65.4483
138 65.3057
139 65.1575
140 65.0036
141 64.844
142 64.6786
143 64.5075
144 64.3305
145 64.1476
146 63.9587
147 63.7639
148 63.563
149 63.356
150 63.1428
151 62.9235
152 62.6978
153 62.4657
154 62.2272
155 61.9822
156 61.7306
157 61.4724
158 61.2074
159 60.9355
160 60.6567
161 60.3709
162 60.078
163 59.7778
164 59.4703
165 59.1553
166 58.8328
167 58.5025
168 58.1644
169 57.8184
170 57.4642
171 57.1017
172 56.7308
173 56.3514
174 55.9631
175 55.566
176 55.1596
177 54.744
178 54.3187
179 53.8837
180 53.4386
181 52.9833
182 52.5174
183 52.0407
184 51.5529
185 51.0536
186 50.5425
187 50.0193
188 49.4835
189 48.9348
190 48.3727
191 47.7967
192 47.2064
193 46.6011
194 45.9803
195 45.3435
196 44.6897
197 44.0184
198 43.3287
199 42.6197
200 41.8904