0 23.9717
1 27.1437
2 29.9501
3 32.4857
4 34.8098
5 36.9622
6 38.9714
7 40.8585
8 42.6398
9 44.3281
10 45.9335
11 47.4645
12 48.9281
13 50.3301
14 51.6756
15 52.9688
16 54.2136
17 55.4131
18 56.5703
19 57.6877
20 58.7676
21 59.812
22 60.8227
23 61.8014
24 62.7496
25 63.6686
26 64.5597
27 65.4241
28 66.2627
29 67.0766
30 67.8666
31 68.6336
32 69.3783
33 70.1014
34 70.8036
35 71.4856
36 72.1478
37 72.7908
38 73.4152
39 74.0214
40 74.6098
41 75.1809
42 75.735
43 76.2726
44 76.7939
45 77.2993
46 77.7892
47 78.2637
48 78.7232
49 79.168
50 79.5982
51 80.0142
52 80.4161
53 80.8041
54 81.1785
55 81.5395
56 81.8871
57 82.2217
58 82.5433
59 82.8521
60 83.1482
61 83.4318
62 83.703
63 83.9619
64 84.2087
65 84.4434
66 84.6661
67 84.877
68 85.0761
69 85.2635
70 85.4393
71 85.6035
72 85.7563
73 85.8976
74 86.0276
75 86.1463
76 86.2537
77 86.3499
78 86.4349
79 86.5088
80 86.5715
81 86.6231
82 86.6637
83 86.6932
84 86.7116
85 86.719
86 86.7154
87 86.7007
88 86.6749
89 86.6381
90 86.5903
91 86.5313
92 86.4612
93 86.38
94 86.2876
95 86.1841
96 86.0692
97 85.9431
98 85.8056
99 85.6567
100 85.4964
101 85.3245
102 85.1411
103 84.9459
104 84.7391
105 84.5204
106 84.2898
107 84.0471
108 83.7923
109 83.5253
110 83.2459
111 82.9541
112 82.6496
113 82.3324
114 82.0022
115 81.659
116 81.3026
117 80.9328
118 80.5494
119 80.1522
120 79.7411
121 79.3157
122 78.8759
123 78.4215
124 77.9521
125 77.4675
126 76.9674
127 76.4515
128 75.9195
129 75.371
130 74.8057
131 74.2233
132 73.6232
133 73.005
134 72.3684
135 71.7127
136 71.0375
137 70.3423
138 69.6263
139 68.889
140 68.1297
141 67.3476
142 66.5419
143 65.7118
144 64.8563
145 63.9744
146 63.065
147 62.1268
148 61.1587
149 60.159
150 59.1263
151 58.0587
152 56.9543
153 55.8108
154 54.626
155 53.3969
156 52.1205
157 50.7933
158 49.411
159 47.9689
160 46.4615
161 44.8823
162 43.2232
163 41.4748
164 39.6252
165 37.6596
166 35.5586
167 33.2966
168 30.8384
169 28.1323