0 16.667
1 18.748
2 20.604
3 22.2912
4 23.8456
5 25.2916
6 26.6469
7 27.9246
8 29.1351
9 30.2863
10 31.3847
11 32.4359
12 33.4441
13 34.4132
14 35.3463
15 36.2464
16 37.1157
17 37.9564
18 38.7704
19 39.5592
20 40.3245
21 41.0674
22 41.7892
23 42.4909
24 43.1736
25 43.8382
26 44.4853
27 45.1159
28 45.7305
29 46.3299
30 46.9145
31 47.485
32 48.0418
33 48.5854
34 49.1163
35 49.6348
36 50.1414
37 50.6364
38 51.1201
39 51.5929
40 52.055
41 52.5068
42 52.9484
43 53.3803
44 53.8025
45 54.2153
46 54.6189
47 55.0136
48 55.3995
49 55.7767
50 56.1456
51 56.5062
52 56.8587
53 57.2032
54 57.54
55 57.869
56 58.1905
57 58.5046
58 58.8114
59 59.111
60 59.4035
61 59.6891
62 59.9678
63 60.2397
64 60.5049
65 60.7635
66 61.0156
67 61.2612
68 61.5005
69 61.7335
70 61.9603
71 62.181
72 62.3955
73 62.6041
74 62.8067
75 63.0034
76 63.1942
77 63.3793
78 63.5586
79 63.7322
80 63.9001
81 64.0625
82 64.2193
83 64.3706
84 64.5164
85 64.6567
86 64.7917
87 64.9213
88 65.0455
89 65.1644
90 65.278
91 65.3864
92 65.4896
93 65.5875
94 65.6803
95 65.7679
96 65.8503
97 65.9277
98 65.9999
99 66.0671
100 66.1292
101 66.1862
102 66.2382
103 66.2851
104 66.3271
105 66.364
106 66.3959
107 66.4229
108 66.4448
109 66.4618
110 66.4737
111 66.4808
112 66.4828
113 66.4798
114 66.4719
115 66.459
116 66.4411
117 66.4182
118 66.3904
119 66.3575
120 66.3197
121 66.2768
122 66.2289
123 66.176
124 66.118
125 66.055
126 65.9869
127 65.9137
128 65.8354
129 65.752
130 65.6634
131 65.5697
132 65.4708
133 65.3667
134 65.2573
135 65.1427
136 65.0228
137 64.8976
138 64.767
139 64.6311
140 64.4897
141 64.3429
142 64.1906
143 64.0328
144 63.8694
145 63.7003
146 63.5257
147 63.3453
148 63.1592
149 62.9673
150 62.7695
151 62.5658
152 62.3561
153 62.1404
154 61.9186
155 61.6907
156 61.4565
157 61.216
158 60.9692
159 60.7159
160 60.4561
161 60.1896
162 59.9165
163 59.6366
164 59.3497
165 59.0559
166 58.755
167 58.4468
168 58.1314
169 57.8085
170 57.478
171 57.1398
172 56.7938
173 56.4398
174 56.0777
175 55.7073
176 55.3284
177 54.9409
178 54.5446
179 54.1393
180 53.7247
181 53.3008
182 52.8671
183 52.4236
184 51.9699
185 51.5059
186 51.0311
187 50.5453
188 50.0482
189 49.5394
190 49.0186
191 48.4854
192 47.9393
193 47.38
194 46.8069
195 46.2196
196 45.6175
197 44.9999
198 44.3663
199 43.716
200 43.0482