0 16.4466
1 18.4857
2 20.3057
3 21.9611
4 23.4867
5 24.9064
6 26.2374
7 27.4926
8 28.6819
9 29.8132
10 30.8929
11 31.9262
12 32.9175
13 33.8705
14 34.7883
15 35.6737
16 36.5289
17 37.3562
18 38.1572
19 38.9336
20 39.6869
21 40.4183
22 41.1291
23 41.8202
24 42.4927
25 43.1473
26 43.7849
27 44.4063
28 45.0121
29 45.6029
30 46.1793
31 46.7418
32 47.291
33 47.8272
34 48.351
35 48.8627
36 49.3627
37 49.8513
38 50.3289
39 50.7958
40 51.2523
41 51.6987
42 52.1351
43 52.562
44 52.9794
45 53.3876
46 53.7869
47 54.1774
48 54.5593
49 54.9328
50 55.298
51 55.6552
52 56.0045
53 56.346
54 56.6798
55 57.0062
56 57.3252
57 57.6369
58 57.9416
59 58.2392
60 58.5298
61 58.8137
62 59.0909
63 59.3614
64 59.6254
65 59.883
66 60.1342
67 60.3792
68 60.6179
69 60.8505
70 61.0771
71 61.2976
72 61.5123
73 61.721
74 61.924
75 62.1212
76 62.3127
77 62.4986
78 62.6788
79 62.8536
80 63.0228
81 63.1866
82 63.345
83 63.4979
84 63.6456
85 63.788
86 63.9251
87 64.057
88 64.1836
89 64.3052
90 64.4216
91 64.5328
92 64.639
93 64.7402
94 64.8363
95 64.9274
96 65.0135
97 65.0947
98 65.1709
99 65.2421
100 65.3085
101 65.3699
102 65.4265
103 65.4782
104 65.525
105 65.567
106 65.6041
107 65.6364
108 65.6638
109 65.6865
110 65.7043
111 65.7173
112 65.7255
113 65.7289
114 65.7275
115 65.7212
116 65.7102
117 65.6944
118 65.6737
119 65.6482
120 65.6179
121 65.5828
122 65.5428
123 65.4979
124 65.4483
125 65.3937
126 65.3343
127 65.2699
128 65.2007
129 65.1265
130 65.0474
131 64.9633
132 64.8742
133 64.7802
134 64.6811
135 64.577
136 64.4678
137 64.3535
138 64.2341
139 64.1095
140 63.9798
141 63.8448
142 63.7046
143 63.5591
144 63.4083
145 63.2522
146 63.0906
147 62.9236
148 62.7511
149 62.5731
150 62.3896
151 62.2004
152 62.0055
153 61.8049
154 61.5986
155 61.3863
156 61.1682
157 60.9441
158 60.714
159 60.4778
160 60.2354
161 59.9868
162 59.7318
163 59.4704
164 59.2026
165 58.9281
166 58.647
167 58.3592
168 58.0644
169 57.7627
170 57.4539
171 57.1379
172 56.8145
173 56.4838
174 56.1454
175 55.7994
176 55.4454
177 55.0835
178 54.7134
179 54.335
180 53.948
181 53.5524
182 53.1478
183 52.7342
184 52.3113
185 51.8788
186 51.4365
187 50.9842
188 50.5216
189 50.0484
190 49.5644
191 49.0691
192 48.5622
193 48.0435
194 47.5124
195 46.9686
196 46.4116
197 45.8409
198 45.2561
199 44.6565