0 16.188
1 18.1929
2 19.9826
3 21.6108
4 23.1115
5 24.5083
6 25.8179
7 27.053
8 28.2234
9 29.3369
10 30.3997
11 31.417
12 32.393
13 33.3314
14 34.2352
15 35.1072
16 35.9497
17 36.7646
18 37.5538
19 38.3188
20 39.0612
21 39.7821
22 40.4826
23 41.164
24 41.827
25 42.4725
26 43.1014
27 43.7143
28 44.3119
29 44.8948
30 45.4636
31 46.0188
32 46.5609
33 47.0903
34 47.6075
35 48.1129
36 48.6068
37 49.0895
38 49.5615
39 50.0229
40 50.4742
41 50.9155
42 51.3471
43 51.7693
44 52.1823
45 52.5863
46 52.9815
47 53.3681
48 53.7463
49 54.1163
50 54.4782
51 54.8323
52 55.1785
53 55.5172
54 55.8484
55 56.1723
56 56.4889
57 56.7985
58 57.1011
59 57.3968
60 57.6858
61 57.9681
62 58.2439
63 58.5132
64 58.7761
65 59.0327
66 59.2832
67 59.5274
68 59.7657
69 59.9979
70 60.2243
71 60.4447
72 60.6594
73 60.8684
74 61.0717
75 61.2694
76 61.4616
77 61.6482
78 61.8294
79 62.0052
80 62.1756
81 62.3407
82 62.5005
83 62.6552
84 62.8046
85 62.9488
86 63.0879
87 63.222
88 63.351
89 63.4749
90 63.5939
91 63.7079
92 63.817
93 63.9211
94 64.0204
95 64.1148
96 64.2043
97 64.289
98 64.3689
99 64.444
100 64.5143
101 64.5799
102 64.6408
103 64.6969
104 64.7483
105 64.7949
106 64.8369
107 64.8742
108 64.9069
109 64.9348
110 64.9581
111 64.9767
112 64.9907
113 65.0
114 65.0046
115 65.0046
116 65.0
117 64.9907
118 64.9768
119 64.9582
120 64.9349
121 64.907
122 64.8744
123 64.8371
124 64.7951
125 64.7484
126 64.6971
127 64.641
128 64.5801
129 64.5146
130 64.4443
131 64.3692
132 64.2893
133 64.2046
134 64.1151
135 64.0207
136 63.9215
137 63.8173
138 63.7083
139 63.5943
140 63.4754
141 63.3514
142 63.2224
143 63.0884
144 62.9493
145 62.8051
146 62.6557
147 62.5011
148 62.3413
149 62.1762
150 62.0058
151 61.83
152 61.6488
153 61.4622
154 61.2701
155 61.0724
156 60.8691
157 60.6602
158 60.4455
159 60.225
160 59.9987
161 59.7665
162 59.5283
163 59.284
164 59.0336
165 58.777
166 58.5141
167 58.2448
168 57.9691
169 57.6868
170 57.3978
171 57.1021
172 56.7996
173 56.49
174 56.1734
175 55.8495
176 55.5184
177 55.1797
178 54.8335
179 54.4795
180 54.1176
181 53.7476
182 53.3695
183 52.9829
184 52.5877
185 52.1837
186 51.7708
187 51.3486
188 50.917
189 50.4757
190 50.0245
191 49.5631
192 49.0912
193 48.6085
194 48.1146
195 47.6093
196 47.0921
197 46.5628
198 46.0207