0 15.8911
1 17.8692
2 19.6344
3 21.2399
4 22.7195
5 24.0965
6 25.3875
7 26.6051
8 27.7589
9 28.8566
10 29.9044
11 30.9073
12 31.8696
13 32.7949
14 33.6861
15 34.546
16 35.3768
17 36.1806
18 36.959
19 37.7137
20 38.4461
21 39.1573
22 39.8487
23 40.521
24 41.1754
25 41.8126
26 42.4334
27 43.0385
28 43.6286
29 44.2043
30 44.7661
31 45.3146
32 45.8502
33 46.3733
34 46.8844
35 47.384
36 47.8722
37 48.3495
38 48.8163
39 49.2727
40 49.7191
41 50.1558
42 50.583
43 51.0009
44 51.4098
45 51.8099
46 52.2013
47 52.5844
48 52.9592
49 53.3259
50 53.6848
51 54.0359
52 54.3794
53 54.7155
54 55.0442
55 55.3658
56 55.6803
57 55.9878
58 56.2886
59 56.5826
60 56.87
61 57.1509
62 57.4254
63 57.6936
64 57.9555
65 58.2113
66 58.461
67 58.7047
68 58.9425
69 59.1744
70 59.4005
71 59.621
72 59.8358
73 60.0449
74 60.2486
75 60.4468
76 60.6396
77 60.8269
78 61.009
79 61.1858
80 61.3574
81 61.5237
82 61.685
83 61.8411
84 61.9922
85 62.1382
86 62.2793
87 62.4153
88 62.5465
89 62.6728
90 62.7942
91 62.9107
92 63.0225
93 63.1295
94 63.2317
95 63.3291
96 63.4219
97 63.5099
98 63.5933
99 63.672
100 63.7461
101 63.8156
102 63.8804
103 63.9407
104 63.9964
105 64.0475
106 64.094
107 64.136
108 64.1735
109 64.2064
110 64.2348
111 64.2587
112 64.278
113 64.2929
114 64.3032
115 64.3091
116 64.3104
117 64.3073
118 64.2996
119 64.2874
120 64.2707
121 64.2496
122 64.2238
123 64.1936
124 64.1589
125 64.1196
126 64.0757
127 64.0273
128 63.9744
129 63.9169
130 63.8547
131 63.788
132 63.7167
133 63.6407
134 63.5601
135 63.4749
136 63.3849
137 63.2902
138 63.1909
139 63.0867
140 62.9778
141 62.8641
142 62.7456
143 62.6222
144 62.494
145 62.3608
146 62.2228
147 62.0797
148 61.9316
149 61.7785
150 61.6203
151 61.457
152 61.2885
153 61.1149
154 60.9359
155 60.7517
156 60.5622
157 60.3672
158 60.1668
159 59.9609
160 59.7495
161 59.5324
162 59.3097
163 59.0812
164 58.8469
165 58.6067
166 58.3606
167 58.1085
168 57.8502
169 57.5858
170 57.3151
171 57.038
172 56.7545
173 56.4644
174 56.1676
175 55.8642
176 55.5538
177 55.2364
178 54.912
179 54.5803
180 54.2412
181 53.8947
182 53.5405
183 53.1784
184 52.8084
185 52.4303
186 52.0439
187 51.649
188 51.2453
189 50.8328
190 50.4112
191 49.9802
192 49.5396
193 49.0891
194 48.6286
195 48.1576
196 47.6759
197 47.1831