0 15.5553
1 17.514
2 19.2603
3 20.8476
4 22.3099
5 23.6703
6 24.9456
7 26.1481
8 27.2875
9 28.3714
10 29.406
11 30.3962
12 31.3464
13 32.2599
14 33.1399
15 33.989
16 34.8094
17 35.6031
18 36.3718
19 37.1172
20 37.8405
21 38.543
22 39.2259
23 39.8902
24 40.5367
25 41.1663
26 41.7798
27 42.3778
28 42.9611
29 43.5301
30 44.0855
31 44.6278
32 45.1575
33 45.6749
34 46.1804
35 46.6746
36 47.1577
37 47.6301
38 48.092
39 48.5438
40 48.9858
41 49.4183
42 49.8414
43 50.2554
44 50.6605
45 51.057
46 51.445
47 51.8248
48 52.1965
49 52.5603
50 52.9163
51 53.2647
52 53.6057
53 53.9394
54 54.2659
55 54.5853
56 54.8979
57 55.2036
58 55.5027
59 55.7952
60 56.0812
61 56.3608
62 56.6341
63 56.9013
64 57.1623
65 57.4173
66 57.6664
67 57.9096
68 58.147
69 58.3786
70 58.6047
71 58.8251
72 59.04
73 59.2494
74 59.4535
75 59.6521
76 59.8455
77 60.0336
78 60.2165
79 60.3943
80 60.567
81 60.7346
82 60.8971
83 61.0547
84 61.2074
85 61.3551
86 61.498
87 61.636
88 61.7692
89 61.8977
90 62.0214
91 62.1404
92 62.2547
93 62.3643
94 62.4693
95 62.5697
96 62.6655
97 62.7567
98 62.8434
99 62.9255
100 63.0031
101 63.0762
102 63.1449
103 63.209
104 63.2687
105 63.324
106 63.3748
107 63.4212
108 63.4632
109 63.5008
110 63.534
111 63.5629
112 63.5873
113 63.6074
114 63.623
115 63.6344
116 63.6413
117 63.6439
118 63.6421
119 63.636
120 63.6255
121 63.6106
122 63.5913
123 63.5677
124 63.5397
125 63.5073
126 63.4705
127 63.4294
128 63.3838
129 63.3337
130 63.2793
131 63.2204
132 63.1571
133 63.0893
134 63.017
135 62.9402
136 62.8589
137 62.7731
138 62.6827
139 62.5878
140 62.4883
141 62.3841
142 62.2754
143 62.1619
144 62.0438
145 61.921
146 61.7934
147 61.6611
148 61.5239
149 61.382
150 61.2351
151 61.0834
152 60.9267
153 60.7651
154 60.5984
155 60.4267
156 60.2499
157 60.0679
158 59.8808
159 59.6884
160 59.4907
161 59.2877
162 59.0792
163 58.8654
164 58.6459
165 58.421
166 58.1903
167 57.954
168 57.7119
169 57.4639
170 57.21
171 56.9501
172 56.6841
173 56.4119
174 56.1335
175 55.8487
176 55.5574
177 55.2596
178 54.9551
179 54.6438
180 54.3256
181 54.0005
182 53.6681
183 53.3285
184 52.9815
185 52.6269
186 52.2645
187 51.8943
188 51.5161
189 51.1296
190 50.7347
191 50.3312
192 49.9188
193 49.4974
194 49.0667
195 48.6265
196 48.1766
232 19.5655
233 17.8519