0 15.1795
1 17.1265
2 18.8596
3 20.4333
4 21.882
5 23.229
6 24.4912
7 25.6811
8 26.8083
9 27.8805
10 28.9036
11 29.8828
12 30.8223
13 31.7256
14 32.5957
15 33.4352
16 34.2463
17 35.031
18 35.7911
19 36.5281
20 37.2433
21 37.938
22 38.6133
23 39.2703
24 39.9097
25 40.5324
26 41.1393
27 41.7309
28 42.308
29 42.871
30 43.4206
31 43.9573
32 44.4815
33 44.9937
34 45.4943
35 45.9835
36 46.462
37 46.9298
38 47.3874
39 47.835
40 48.273
41 48.7016
42 49.1209
43 49.5314
44 49.9331
45 50.3263
46 50.7112
47 51.088
48 51.4569
49 51.818
50 52.1714
51 52.5174
52 52.8561
53 53.1876
54 53.5121
55 53.8297
56 54.1405
57 54.4446
58 54.7421
59 55.0332
60 55.3179
61 55.5964
62 55.8687
63 56.135
64 56.3952
65 56.6496
66 56.8981
67 57.1409
68 57.3779
69 57.6094
70 57.8354
71 58.0559
72 58.2709
73 58.4806
74 58.6851
75 58.8842
76 59.0782
77 59.2671
78 59.4508
79 59.6296
80 59.8033
81 59.9721
82 60.136
83 60.295
84 60.4491
85 60.5985
86 60.7431
87 60.883
88 61.0182
89 61.1487
90 61.2746
91 61.3959
92 61.5127
93 61.6248
94 61.7325
95 61.8356
96 61.9343
97 62.0285
98 62.1183
99 62.2036
100 62.2846
101 62.3611
102 62.4334
103 62.5012
104 62.5647
105 62.6239
106 62.6788
107 62.7294
108 62.7756
109 62.8177
110 62.8554
111 62.8889
112 62.9181
113 62.943
114 62.9637
115 62.9802
116 62.9924
117 63.0004
118 63.0042
119 63.0037
120 62.999
121 62.9901
122 62.9769
123 62.9594
124 62.9378
125 62.9119
126 62.8817
127 62.8473
128 62.8086
129 62.7656
130 62.7183
131 62.6668
132 62.611
133 62.5508
134 62.4863
135 62.4175
136 62.3443
137 62.2667
138 62.1848
139 62.0984
140 62.0077
141 61.9125
142 61.8128
143 61.7086
144 61.6
145 61.4868
146 61.369
147 61.2467
148 61.1197
149 60.9881
150 60.8519
151 60.7109
152 60.5653
153 60.4148
154 60.2596
155 60.0995
156 59.9345
157 59.7646
158 59.5898
159 59.4099
160 59.225
161 59.035
162 58.8398
163 58.6395
164 58.4339
165 58.223
166 58.0067
167 57.785
168 57.5578
169 57.325
170 57.0867
171 56.8426
172 56.5928
173 56.3371
174 56.0755
175 55.8079
176 55.5342
177 55.2543
178 54.9682
179 54.6757
180 54.3766
181 54.071
182 53.7587
183 53.4396
184 53.1136
185 52.7804
186 52.4401
187 52.0925
188 51.7373
189 51.3745
190 51.0039
191 50.6253
192 50.2385
193 49.8434
194 49.4397
195 49.0273
231 24.2136
232 22.9335
233 21.5652
234 20.0907
235 18.4847
236 16.7092