0 14.7618
1 16.7052
2 18.431
3 19.9957
4 21.4346
5 22.7715
6 24.0235
7 25.2033
8 26.3204
9 27.3827
10 28.3963
11 29.3661
12 30.2965
13 31.1909
14 32.0524
15 32.8835
16 33.6865
17 34.4634
18 35.2158
19 35.9454
20 36.6534
21 37.3412
22 38.0098
23 38.6601
24 39.2932
25 39.9098
26 40.5107
27 41.0966
28 41.6681
29 42.2258
30 42.7702
31 43.3018
32 43.8212
33 44.3286
34 44.8246
35 45.3095
36 45.7837
37 46.2475
38 46.7012
39 47.145
40 47.5793
41 48.0044
42 48.4204
43 48.8277
44 49.2263
45 49.6166
46 49.9987
47 50.3728
48 50.7391
49 51.0977
50 51.4489
51 51.7927
52 52.1294
53 52.459
54 52.7816
55 53.0975
56 53.4067
57 53.7094
58 54.0056
59 54.2954
60 54.5791
61 54.8565
62 55.128
63 55.3934
64 55.653
65 55.9068
66 56.1549
67 56.3974
68 56.6342
69 56.8656
70 57.0916
71 57.3121
72 57.5274
73 57.7375
74 57.9423
75 58.142
76 58.3366
77 58.5262
78 58.7108
79 58.8905
80 59.0653
81 59.2353
82 59.4004
83 59.5608
84 59.7164
85 59.8674
86 60.0137
87 60.1553
88 60.2924
89 60.425
90 60.553
91 60.6765
92 60.7955
93 60.9101
94 61.0203
95 61.1261
96 61.2275
97 61.3246
98 61.4173
99 61.5057
100 61.5898
101 61.6697
102 61.7453
103 61.8166
104 61.8837
105 61.9466
106 62.0054
107 62.0599
108 62.1102
109 62.1564
110 62.1984
111 62.2363
112 62.27
113 62.2996
114 62.325
115 62.3463
116 62.3635
117 62.3766
118 62.3856
119 62.3905
120 62.3912
121 62.3878
122 62.3804
123 62.3688
124 62.3531
125 62.3332
126 62.3093
127 62.2812
128 62.249
129 62.2126
130 62.1721
131 62.1275
132 62.0787
133 62.0257
134 61.9685
135 61.9071
136 61.8415
137 61.7717
138 61.6976
139 61.6193
140 61.5368
141 61.4499
142 61.3588
143 61.2633
144 61.1635
145 61.0593
146 60.9507
147 60.8377
148 60.7203
149 60.5984
150 60.472
151 60.3411
152 60.2057
153 60.0657
154 59.9211
155 59.7718
156 59.6179
157 59.4592
158 59.2958
159 59.1276
160 58.9546
161 58.7767
162 58.5939
163 58.4061
164 58.2133
165 58.0155
166 57.8125
167 57.6044
168 57.391
169 57.1724
170 56.9484
171 56.719
172 56.4841
173 56.2437
174 55.9977
175 55.746
176 55.4885
177 55.2252
178 54.9559
179 54.6806
180 54.3992
181 54.1117
182 53.8178
183 53.5175
184 53.2107
185 52.8972
186 52.577
187 52.25
188 51.9159
189 51.5747
190 51.2262
191 50.8703
192 50.5068
193 50.1356
194 49.7564
230 27.7565
231 26.7126
232 25.6162
233 24.4602
234 23.2358
235 21.9314
236 20.5319
237 19.0163
238 17.3542