0 14.2997
1 16.2481
2 17.973
3 19.5336
4 20.9666
5 22.2967
6 23.5413
7 24.7134
8 25.8227
9 26.8772
10 27.8829
11 28.845
12 29.7678
13 30.6548
14 31.5089
15 32.3329
16 33.1289
17 33.899
18 34.6448
19 35.3679
20 36.0697
21 36.7514
22 37.414
23 38.0587
24 38.6862
25 39.2974
26 39.893
27 40.4738
28 41.0403
29 41.5932
30 42.133
31 42.6602
32 43.1752
33 43.6784
34 44.1704
35 44.6514
36 45.1218
37 45.5819
38 46.0321
39 46.4726
40 46.9036
41 47.3256
42 47.7386
43 48.143
44 48.5389
45 48.9265
46 49.3061
47 49.6778
48 50.0419
49 50.3984
50 50.7475
51 51.0894
52 51.4242
53 51.7521
54 52.0732
55 52.3876
56 52.6954
57 52.9968
58 53.2919
59 53.5807
60 53.8633
61 54.14
62 54.4107
63 54.6755
64 54.9346
65 55.1879
66 55.4357
67 55.6779
68 55.9147
69 56.146
70 56.372
71 56.5928
72 56.8083
73 57.0187
74 57.2241
75 57.4243
76 57.6196
77 57.81
78 57.9955
79 58.1761
80 58.3519
81 58.523
82 58.6894
83 58.8512
84 59.0082
85 59.1607
86 59.3087
87 59.4521
88 59.591
89 59.7255
90 59.8556
91 59.9812
92 60.1025
93 60.2194
94 60.332
95 60.4403
96 60.5443
97 60.6441
98 60.7397
99 60.831
100 60.9182
101 61.0011
102 61.0799
103 61.1546
104 61.2252
105 61.2916
106 61.354
107 61.4122
108 61.4664
109 61.5165
110 61.5626
111 61.6046
112 61.6426
113 61.6765
114 61.7065
115 61.7324
116 61.7543
117 61.7722
118 61.7861
119 61.796
120 61.8019
121 61.8038
122 61.8017
123 61.7956
124 61.7855
125 61.7714
126 61.7533
127 61.7312
128 61.7051
129 61.675
130 61.6409
131 61.6027
132 61.5605
133 61.5142
134 61.4639
135 61.4095
136 61.3511
137 61.2885
138 61.2219
139 61.1511
140 61.0763
141 60.9973
142 60.9141
143 60.8267
144 60.7352
145 60.6394
146 60.5395
147 60.4352
148 60.3267
149 60.2139
150 60.0968
151 59.9753
152 59.8494
153 59.7192
154 59.5845
155 59.4454
156 59.3017
157 59.1536
158 59.0008
159 58.8435
160 58.6816
161 58.515
162 58.3436
163 58.1676
164 57.9867
165 57.801
166 57.6104
167 57.4149
168 57.2144
169 57.0088
170 56.7982
171 56.5824
172 56.3614
173 56.1351
174 55.9035
175 55.6665
176 55.424
177 55.176
178 54.9223
179 54.663
180 54.3979
181 54.1269
182 53.85
183 53.567
184 53.2779
185 52.9825
186 52.6809
187 52.3727
188 52.058
189 51.7366
190 51.4084
191 51.0732
192 50.731
193 50.3815
229 30.6131
230 29.7245
231 28.8
232 27.8358
233 26.8279
234 25.771
235 24.6588
236 23.4836
237 22.2352
238 20.9006
239 19.4621
240 17.8946