0 13.7896
1 15.7528
2 17.4835
3 19.0451
4 20.4765
5 21.8032
6 23.0434
7 24.2103
8 25.3141
9 26.3626
10 27.3624
11 28.3185
12 29.2352
13 30.1161
14 30.9642
15 31.7823
16 32.5725
17 33.3369
18 34.0771
19 34.7947
20 35.4911
21 36.1676
22 36.8251
23 37.4648
24 38.0874
25 38.6939
26 39.285
27 39.8613
28 40.4236
29 40.9723
30 41.508
31 42.0312
32 42.5424
33 43.042
34 43.5304
35 44.0079
36 44.475
37 44.9319
38 45.379
39 45.8165
40 46.2447
41 46.6639
42 47.0743
43 47.4761
44 47.8696
45 48.255
46 48.6324
47 49.002
48 49.3641
49 49.7187
50 50.066
51 50.4062
52 50.7395
53 51.0659
54 51.3856
55 51.6988
56 52.0054
57 52.3057
58 52.5998
59 52.8877
60 53.1696
61 53.4456
62 53.7157
63 53.98
64 54.2387
65 54.4917
66 54.7393
67 54.9814
68 55.2181
69 55.4495
70 55.6757
71 55.8967
72 56.1126
73 56.3234
74 56.5293
75 56.7302
76 56.9262
77 57.1173
78 57.3037
79 57.4853
80 57.6622
81 57.8345
82 58.0021
83 58.1652
84 58.3237
85 58.4777
86 58.6273
87 58.7724
88 58.9131
89 59.0495
90 59.1815
91 59.3092
92 59.4326
93 59.5518
94 59.6667
95 59.7774
96 59.884
97 59.9864
98 60.0847
99 60.1788
100 60.2688
101 60.3548
102 60.4367
103 60.5146
104 60.5884
105 60.6582
106 60.724
107 60.7858
108 60.8437
109 60.8975
110 60.9474
111 60.9934
112 61.0355
113 61.0736
114 61.1078
115 61.138
116 61.1644
117 61.1869
118 61.2054
119 61.2201
120 61.2309
121 61.2378
122 61.2408
123 61.2399
124 61.2351
125 61.2264
126 61.2139
127 61.1974
128 61.177
129 61.1528
130 61.1246
131 61.0926
132 61.0566
133 61.0167
134 60.9728
135 60.925
136 60.8733
137 60.8176
138 60.7579
139 60.6943
140 60.6267
141 60.555
142 60.4793
143 60.3996
144 60.3159
145 60.228
146 60.1361
147 60.0401
148 59.9399
149 59.8356
150 59.7272
151 59.6145
152 59.4976
153 59.3765
154 59.2511
155 59.1214
156 58.9874
157 58.8491
158 58.7063
159 58.5592
160 58.4076
161 58.2515
162 58.0909
163 57.9257
164 57.756
165 57.5816
166 57.4025
167 57.2188
168 57.0302
169 56.8368
170 56.6386
171 56.4354
172 56.2273
173 56.0142
174 55.7959
175 55.5726
176 55.344
177 55.1102
178 54.871
179 54.6264
180 54.3763
181 54.1207
182 53.8594
183 53.5925
184 53.3197
185 53.041
186 52.7564
187 52.4656
188 52.1687
189 51.8655
190 51.5559
191 51.2398
192 50.917
228 32.9892
229 32.2133
230 31.4105
231 30.579
232 29.7161
233 28.8192
234 27.8849
235 26.9094
236 25.8879
237 24.8149
238 23.6832
239 22.4841
240 21.2062
241 19.8341
242 18.3467
243 16.7134