0 13.2265
1 15.2158
2 16.9599
3 18.5283
4 19.9624
5 21.2894
6 22.5281
7 23.6926
8 24.7931
9 25.8379
10 26.8336
11 27.7853
12 28.6974
13 29.5737
14 30.4172
15 31.2306
16 32.0161
17 32.7758
18 33.5114
19 34.2245
20 34.9165
21 35.5886
22 36.2418
23 36.8773
24 37.4959
25 38.0984
26 38.6855
27 39.2581
28 39.8166
29 40.3617
30 40.8939
31 41.4137
32 41.9217
33 42.4181
34 42.9034
35 43.3779
36 43.8421
37 44.2963
38 44.7407
39 45.1756
40 45.6014
41 46.0182
42 46.4263
43 46.826
44 47.2174
45 47.6008
46 47.9763
47 48.3441
48 48.7045
49 49.0575
50 49.4033
51 49.7421
52 50.074
53 50.3992
54 50.7178
55 51.0299
56 51.3356
57 51.635
58 51.9283
59 52.2155
60 52.4968
61 52.7722
62 53.0419
63 53.3059
64 53.5643
65 53.8172
66 54.0646
67 54.3067
68 54.5435
69 54.7751
70 55.0015
71 55.2228
72 55.4391
73 55.6505
74 55.8569
75 56.0585
76 56.2552
77 56.4472
78 56.6345
79 56.8171
80 56.9951
81 57.1685
82 57.3374
83 57.5018
84 57.6618
85 57.8173
86 57.9684
87 58.1152
88 58.2577
89 58.3959
90 58.5299
91 58.6596
92 58.7851
93 58.9064
94 59.0237
95 59.1367
96 59.2457
97 59.3507
98 59.4515
99 59.5484
100 59.6412
101 59.73
102 59.8149
103 59.8958
104 59.9727
105 60.0458
106 60.1149
107 60.1801
108 60.2415
109 60.2989
110 60.3525
111 60.4023
112 60.4482
113 60.4902
114 60.5285
115 60.5629
116 60.5935
117 60.6203
118 60.6433
119 60.6625
120 60.6779
121 60.6895
122 60.6973
123 60.7013
124 60.7016
125 60.6981
126 60.6907
127 60.6796
128 60.6647
129 60.646
130 60.6235
131 60.5972
132 60.5671
133 60.5332
134 60.4954
135 60.4539
136 60.4085
137 60.3592
138 60.3062
139 60.2492
140 60.1884
141 60.1237
142 60.055
143 59.9825
144 59.9061
145 59.8257
146 59.7414
147 59.653
148 59.5607
149 59.4644
150 59.3641
151 59.2597
152 59.1512
153 59.0387
154 58.922
155 58.8012
156 58.6762
157 58.5471
158 58.4137
159 58.276
160 58.1341
161 57.9879
162 57.8373
163 57.6824
164 57.523
165 57.3592
166 57.1909
167 57.0181
168 56.8407
169 56.6586
170 56.472
171 56.2806
172 56.0845
173 55.8835
174 55.6778
175 55.4671
176 55.2514
177 55.0308
178 54.805
179 54.5741
180 54.338
181 54.0966
182 53.8498
183 53.5977
184 53.34
185 53.0768
186 52.8078
187 52.5332
188 52.2527
189 51.9662
190 51.6737
191 51.3751
227 35.0056
228 34.3163
229 33.606
230 32.8734
231 32.117
232 31.3349
233 30.5253
234 29.6859
235 28.8141
236 27.9068
237 26.9605
238 25.9709
239 24.9329
240 23.8401
241 22.6845
242 21.4562
243 20.1417
244 18.723
245 17.1741