0 24.6443
1 27.5645
2 30.1743
3 32.5485
4 34.7353
5 36.7683
6 38.6717
7 40.4639
8 42.1589
9 43.7681
10 45.3006
11 46.764
12 48.1645
13 49.5076
14 50.7977
15 52.0388
16 53.2343
17 54.3873
18 55.5004
19 56.5759
20 57.6159
21 58.6224
22 59.597
23 60.5413
24 61.4566
25 62.3443
26 63.2055
27 64.0413
28 64.8526
29 65.6404
30 66.4056
31 67.1487
32 67.8707
33 68.5722
34 69.2537
35 69.916
36 70.5594
37 71.1846
38 71.792
39 72.382
40 72.9551
41 73.5117
42 74.0521
43 74.5768
44 75.0859
45 75.5799
46 76.059
47 76.5236
48 76.9738
49 77.4099
50 77.8322
51 78.2409
52 78.6362
53 79.0183
54 79.3874
55 79.7437
56 80.0873
57 80.4184
58 80.7371
59 81.0437
60 81.3382
61 81.6208
62 81.8916
63 82.1507
64 82.3983
65 82.6343
66 82.859
67 83.0724
68 83.2746
69 83.4657
70 83.6458
71 83.8149
72 83.9731
73 84.1204
74 84.257
75 84.3828
76 84.498
77 84.6025
78 84.6965
79 84.7798
80 84.8527
81 84.915
82 84.9668
83 85.0082
84 85.0392
85 85.0597
86 85.0697
87 85.0694
88 85.0586
89 85.0374
90 85.0058
91 84.9637
92 84.9111
93 84.8481
94 84.7746
95 84.6905
96 84.5958
97 84.4906
98 84.3747
99 84.2482
100 84.1109
101 83.9628
102 83.8039
103 83.634
104 83.4532
105 83.2614
106 83.0584
107 82.8443
108 82.6188
109 82.382
110 82.1337
111 81.8738
112 81.6023
113 81.3189
114 81.0235
115 80.7161
116 80.3966
117 80.0646
118 79.7202
119 79.363
120 78.9931
121 78.6101
122 78.2139
123 77.8043
124 77.3811
125 76.944
126 76.4928
127 76.0273
128 75.5472
129 75.0522
130 74.5421
131 74.0164
132 73.4749
133 72.9172
134 72.343
135 71.7518
136 71.1432
137 70.5168
138 69.8721
139 69.2086
140 68.5258
141 67.8229
142 67.0996
143 66.3549
144 65.5883
145 64.799
146 63.986
147 63.1486
148 62.2856
149 61.3961
150 60.4789
151 59.5326
152 58.5559
153 57.5472
154 56.5049
155 55.4269
156 54.3113
157 53.1555
158 51.957
159 50.7127
160 49.4192
161 48.0724
162 46.6678
163 45.2
164 43.6626
165 42.048
166 40.3468
167 38.5477
168 36.6362
169 34.5938
170 32.3955
171 30.0073
172 27.3794