0 14.6328
1 16.3991
2 17.9805
3 19.4222
4 20.7533
5 21.994
6 23.1587
7 24.2584
8 25.3016
9 26.295
10 27.2441
11 28.1533
12 29.0264
13 29.8666
14 30.6765
15 31.4585
16 32.2147
17 32.9468
18 33.6563
19 34.3447
20 35.0133
21 35.6631
22 36.2951
23 36.9103
24 37.5095
25 38.0935
26 38.6629
27 39.2183
28 39.7604
29 40.2897
30 40.8067
31 41.3119
32 41.8056
33 42.2883
34 42.7604
35 43.2222
36 43.674
37 44.1161
38 44.5489
39 44.9726
40 45.3874
41 45.7936
42 46.1914
43 46.5811
44 46.9628
45 47.3367
46 47.7031
47 48.062
48 48.4137
49 48.7583
50 49.0959
51 49.4267
52 49.7509
53 50.0686
54 50.3798
55 50.6847
56 50.9835
57 51.2762
58 51.5629
59 51.8437
60 52.1188
61 52.3882
62 52.652
63 52.9102
64 53.1631
65 53.4106
66 53.6528
67 53.8898
68 54.1216
69 54.3484
70 54.5701
71 54.7869
72 54.9989
73 55.2059
74 55.4082
75 55.6058
76 55.7987
77 55.9869
78 56.1706
79 56.3497
80 56.5243
81 56.6945
82 56.8602
83 57.0216
84 57.1786
85 57.3314
86 57.4798
87 57.624
88 57.764
89 57.8999
90 58.0316
91 58.1592
92 58.2826
93 58.4021
94 58.5174
95 58.6288
96 58.7362
97 58.8396
98 58.939
99 59.0345
100 59.1261
101 59.2138
102 59.2977
103 59.3776
104 59.4538
105 59.5261
106 59.5946
107 59.6592
108 59.7201
109 59.7773
110 59.8306
111 59.8802
112 59.926
113 59.9681
114 60.0065
115 60.0412
116 60.0721
117 60.0993
118 60.1228
119 60.1426
120 60.1587
121 60.1711
122 60.1798
123 60.1849
124 60.1862
125 60.1838
126 60.1778
127 60.168
128 60.1546
129 60.1375
130 60.1166
131 60.0921
132 60.0639
133 60.0319
134 59.9962
135 59.9568
136 59.9137
137 59.8668
138 59.8161
139 59.7617
140 59.7036
141 59.6416
142 59.5759
143 59.5063
144 59.433
145 59.3558
146 59.2747
147 59.1898
148 59.101
149 59.0083
150 58.9117
151 58.8112
152 58.7067
153 58.5982
154 58.4857
155 58.3692
156 58.2487
157 58.1241
158 57.9954
159 57.8625
160 57.7255
161 57.5843
162 57.4389
163 57.2893
164 57.1354
165 56.9771
166 56.8146
167 56.6476
168 56.4762
169 56.3003
170 56.1199
171 55.935
172 55.7455
173 55.5513
174 55.3524
175 55.1488
176 54.9404
177 54.7271
178 54.5089
179 54.2858
180 54.0576
181 53.8243
182 53.5859
183 53.3423
184 53.0933
185 52.8389
186 52.5791
187 52.3138
188 52.0429
225 36.7408
226 36.121
227 35.4841
228 34.8292
229 34.1553
230 33.4611
231 32.7454
232 32.0068
233 31.2437
234 30.4541
235 29.636
236 28.787
237 27.9042
238 26.9843
239 26.0233
240 25.0167
241 23.9585
242 22.8416
243 21.657
244 20.3928
245 19.0333
246 17.5562
247 15.9288