0 13.6722
1 15.5154
2 17.1493
3 18.6289
4 19.9885
5 21.2513
6 22.4335
7 23.5472
8 24.6019
9 25.6047
10 26.5616
11 27.4774
12 28.356
13 29.2008
14 30.0147
15 30.8
16 31.559
17 32.2935
18 33.0051
19 33.6953
20 34.3654
21 35.0165
22 35.6496
23 36.2658
24 36.8658
25 37.4504
26 38.0204
27 38.5764
28 39.1189
29 39.6486
30 40.166
31 40.6714
32 41.1654
33 41.6484
34 42.1207
35 42.5828
36 43.0348
37 43.4772
38 43.9102
39 44.3341
40 44.7492
41 45.1557
42 45.5539
43 45.9439
44 46.3259
45 46.7003
46 47.067
47 47.4264
48 47.7786
49 48.1237
50 48.4618
51 48.7933
52 49.1181
53 49.4364
54 49.7483
55 50.054
56 50.3536
57 50.6471
58 50.9347
59 51.2164
60 51.4925
61 51.7629
62 52.0277
63 52.2871
64 52.5411
65 52.7898
66 53.0332
67 53.2715
68 53.5047
69 53.7329
70 53.9561
71 54.1744
72 54.3879
73 54.5966
74 54.8005
75 54.9998
76 55.1945
77 55.3846
78 55.5701
79 55.7512
80 55.9278
81 56.1
82 56.2678
83 56.4314
84 56.5906
85 56.7456
86 56.8964
87 57.043
88 57.1855
89 57.3239
90 57.4581
91 57.5883
92 57.7145
93 57.8367
94 57.9549
95 58.0691
96 58.1794
97 58.2858
98 58.3883
99 58.487
100 58.5818
101 58.6727
102 58.7599
103 58.8432
104 58.9228
105 58.9986
106 59.0707
107 59.1391
108 59.2037
109 59.2646
110 59.3218
111 59.3753
112 59.4252
113 59.4713
114 59.5138
115 59.5527
116 59.5879
117 59.6195
118 59.6475
119 59.6718
120 59.6925
121 59.7096
122 59.723
123 59.7329
124 59.7391
125 59.7417
126 59.7408
127 59.7362
128 59.728
129 59.7162
130 59.7007
131 59.6817
132 59.659
133 59.6327
134 59.6028
135 59.5692
136 59.532
137 59.4912
138 59.4467
139 59.3985
140 59.3467
141 59.2911
142 59.2319
143 59.169
144 59.1024
145 59.032
146 58.9579
147 58.88
148 58.7984
149 58.713
150 58.6237
151 58.5307
152 58.4338
153 58.3331
154 58.2284
155 58.1199
156 58.0075
157 57.8911
158 57.7707
159 57.6464
160 57.518
161 57.3856
162 57.2491
163 57.1086
164 56.9638
165 56.815
166 56.6619
167 56.5046
168 56.343
169 56.1771
170 56.0069
171 55.8323
172 55.6533
173 55.4698
174 55.2818
175 55.0892
176 54.892
177 54.6902
178 54.4837
179 54.2724
180 54.0563
181 53.8354
182 53.6094
183 53.3785
184 53.1426
185 52.9015
186 52.6552
187 52.4036
188 52.1467
224 38.2758
225 37.7123
226 37.1344
227 36.5415
228 35.9328
229 35.3075
230 34.6647
231 34.0035
232 33.3226
233 32.6209
234 31.8971
235 31.1495
236 30.3764
237 29.5758
238 28.7455
239 27.8827
240 26.9843
241 26.0467
242 25.0655
243 24.0353
244 22.9495
245 21.7998
246 20.5756
247 19.2625
248 17.8411
249 16.2829