0 13.3048
1 15.1486
2 16.7787
3 18.2525
4 19.6053
5 20.8606
6 22.035
7 23.141
8 24.1879
9 25.183
10 26.1323
11 27.0406
12 27.9119
13 28.7496
14 29.5565
15 30.3351
16 31.0875
17 31.8155
18 32.5209
19 33.205
20 33.8692
21 34.5146
22 35.1422
23 35.7529
24 36.3477
25 36.9272
26 37.4922
27 38.0434
28 38.5813
29 39.1065
30 39.6194
31 40.1206
32 40.6105
33 41.0895
34 41.558
35 42.0163
36 42.4647
37 42.9036
38 43.3332
39 43.7539
40 44.1659
41 44.5693
42 44.9645
43 45.3517
44 45.7311
45 46.1028
46 46.467
47 46.824
48 47.1739
49 47.5168
50 47.8528
51 48.1823
52 48.5052
53 48.8217
54 49.1319
55 49.4359
56 49.7339
57 50.026
58 50.3123
59 50.5928
60 50.8676
61 51.1369
62 51.4008
63 51.6593
64 51.9124
65 52.1604
66 52.4032
67 52.6409
68 52.8736
69 53.1014
70 53.3243
71 53.5424
72 53.7557
73 53.9644
74 54.1683
75 54.3677
76 54.5625
77 54.7529
78 54.9388
79 55.1203
80 55.2974
81 55.4702
82 55.6387
83 55.803
84 55.9631
85 56.119
86 56.2707
87 56.4184
88 56.562
89 56.7016
90 56.8372
91 56.9688
92 57.0964
93 57.2201
94 57.3399
95 57.4559
96 57.568
97 57.6762
98 57.7807
99 57.8814
100 57.9783
101 58.0714
102 58.1608
103 58.2465
104 58.3286
105 58.4069
106 58.4816
107 58.5526
108 58.62
109 58.6837
110 58.7438
111 58.8004
112 58.8533
113 58.9027
114 58.9485
115 58.9907
116 59.0293
117 59.0645
118 59.096
119 59.124
120 59.1485
121 59.1695
122 59.1869
123 59.2008
124 59.2112
125 59.2181
126 59.2215
127 59.2213
128 59.2176
129 59.2104
130 59.1997
131 59.1855
132 59.1677
133 59.1465
134 59.1216
135 59.0933
136 59.0614
137 59.026
138 58.987
139 58.9444
140 58.8983
141 58.8486
142 58.7954
143 58.7385
144 58.6781
145 58.614
146 58.5463
147 58.4749
148 58.3999
149 58.3212
150 58.2389
151 58.1528
152 58.0631
153 57.9696
154 57.8723
155 57.7713
156 57.6665
157 57.5579
158 57.4455
159 57.3292
160 57.209
161 57.0849
162 56.9569
163 56.825
164 56.6891
165 56.5491
166 56.4051
167 56.2571
168 56.1049
169 55.9486
170 55.7882
171 55.6235
172 55.4546
173 55.2814
174 55.1039
175 54.922
176 54.7357
177 54.545
178 54.3497
179 54.1499
180 53.9455
181 53.7365
182 53.5227
183 53.3042
184 53.0809
185 52.8526
186 52.6195
222 40.0754
223 39.5732
224 39.0591
225 38.5328
226 37.9937
227 37.4413
228 36.875
229 36.2941
230 35.6979
231 35.0857
232 34.4565
233 33.8095
234 33.1436
235 32.4575
236 31.7502
237 31.0199
238 30.2652
239 29.4842
240 28.6746
241 27.8339
242 26.9594
243 26.0475
244 25.0943
245 24.0947
246 23.0428
247 21.931
248 20.7497
249 19.4864
250 18.1237
251 16.6373
252 14.9905