0 12.5422
1 14.4471
2 16.116
3 17.6161
4 18.9875
5 20.2564
6 21.4409
7 22.5543
8 23.6068
9 24.6061
10 25.5584
11 26.4689
12 27.3417
13 28.1803
14 28.9878
15 29.7665
16 30.5188
17 31.2465
18 31.9513
19 32.6347
20 33.298
21 33.9424
22 34.569
23 35.1786
24 35.7723
25 36.3507
26 36.9145
27 37.4645
28 38.0012
29 38.5252
30 39.0369
31 39.537
32 40.0257
33 40.5036
34 40.971
35 41.4282
36 41.8756
37 42.3135
38 42.7422
39 43.1619
40 43.573
41 43.9756
42 44.3701
43 44.7565
44 45.1352
45 45.5063
46 45.8699
47 46.2264
48 46.5757
49 46.9182
50 47.2539
51 47.583
52 47.9056
53 48.2219
54 48.5319
55 48.8359
56 49.1338
57 49.4259
58 49.7122
59 49.9928
60 50.2678
61 50.5374
62 50.8015
63 51.0603
64 51.3139
65 51.5623
66 51.8056
67 52.0439
68 52.2772
69 52.5057
70 52.7293
71 52.9482
72 53.1623
73 53.3719
74 53.5768
75 53.7772
76 53.9731
77 54.1646
78 54.3517
79 54.5345
80 54.7129
81 54.8871
82 55.057
83 55.2228
84 55.3845
85 55.542
86 55.6955
87 55.8449
88 55.9903
89 56.1317
90 56.2692
91 56.4028
92 56.5325
93 56.6583
94 56.7803
95 56.8985
96 57.0129
97 57.1235
98 57.2304
99 57.3335
100 57.433
101 57.5288
102 57.6209
103 57.7093
104 57.7942
105 57.8754
106 57.953
107 58.027
108 58.0975
109 58.1644
110 58.2277
111 58.2876
112 58.3439
113 58.3967
114 58.4459
115 58.4917
116 58.534
117 58.5728
118 58.6082
119 58.6401
120 58.6685
121 58.6935
122 58.715
123 58.7331
124 58.7477
125 58.7589
126 58.7666
127 58.7709
128 58.7718
129 58.7692
130 58.7632
131 58.7538
132 58.7409
133 58.7246
134 58.7048
135 58.6816
136 58.6549
137 58.6248
138 58.5912
139 58.5541
140 58.5136
141 58.4695
142 58.422
143 58.371
144 58.3165
145 58.2585
146 58.1969
147 58.1318
148 58.0631
149 57.9909
150 57.9151
151 57.8357
152 57.7527
153 57.6661
154 57.5758
155 57.4819
156 57.3843
157 57.283
158 57.178
159 57.0693
160 56.9568
161 56.8406
162 56.7205
163 56.5966
164 56.4689
165 56.3373
166 56.2018
167 56.0623
168 55.9189
169 55.7715
170 55.6201
171 55.4647
172 55.3051
173 55.1414
174 54.9736
175 54.8016
176 54.6253
177 54.4447
178 54.2598
179 54.0706
180 53.8769
181 53.6788
182 53.4761
183 53.2689
184 53.0571
185 52.8406
221 41.2035
222 40.7413
223 40.2688
224 39.7856
225 39.2913
226 38.7856
227 38.2678
228 37.7376
229 37.1944
230 36.6377
231 36.0667
232 35.4809
233 34.8795
234 34.2616
235 33.6263
236 32.9727
237 32.2996
238 31.6058
239 30.8899
240 30.1503
241 29.3852
242 28.5926
243 27.7701
244 26.9149
245 26.024
246 25.0934
247 24.1185
248 23.0938
249 22.0123
250 20.8652
251 19.6409
252 18.3241
253 16.893
254 15.3158