0 13.6838
1 15.4042
2 16.9393
3 18.3357
4 19.623
5 20.8216
6 21.9458
7 23.0067
8 24.0126
9 24.9701
10 25.8847
11 26.7608
12 27.6019
13 28.4113
14 29.1915
15 29.9448
16 30.6733
17 31.3786
18 32.0623
19 32.7257
20 33.37
21 33.9964
22 34.6058
23 35.199
24 35.7769
25 36.3403
26 36.8897
27 37.4258
28 37.9492
29 38.4604
30 38.9598
31 39.4479
32 39.9252
33 40.3919
34 40.8485
35 41.2954
36 41.7327
37 42.1609
38 42.5801
39 42.9907
40 43.3929
41 43.7869
42 44.1729
43 44.5512
44 44.922
45 45.2854
46 45.6416
47 45.9907
48 46.333
49 46.6686
50 46.9977
51 47.3203
52 47.6366
53 47.9467
54 48.2507
55 48.5488
56 48.8411
57 49.1276
58 49.4086
59 49.6839
60 49.9539
61 50.2184
62 50.4777
63 50.7319
64 50.9808
65 51.2248
66 51.4638
67 51.6979
68 51.9271
69 52.1516
70 52.3714
71 52.5865
72 52.7971
73 53.0031
74 53.2046
75 53.4017
76 53.5944
77 53.7827
78 53.9668
79 54.1466
80 54.3222
81 54.4937
82 54.661
83 54.8242
84 54.9834
85 55.1386
86 55.2898
87 55.437
88 55.5803
89 55.7197
90 55.8553
91 55.987
92 56.115
93 56.2391
94 56.3595
95 56.4762
96 56.5891
97 56.6984
98 56.804
99 56.906
100 57.0043
101 57.099
102 57.1902
103 57.2778
104 57.3618
105 57.4423
106 57.5193
107 57.5927
108 57.6627
109 57.7292
110 57.7922
111 57.8517
112 57.9078
113 57.9605
114 58.0097
115 58.0555
116 58.0979
117 58.1369
118 58.1725
119 58.2047
120 58.2335
121 58.259
122 58.281
123 58.2997
124 58.315
125 58.327
126 58.3356
127 58.3408
128 58.3427
129 58.3412
130 58.3363
131 58.3281
132 58.3165
133 58.3015
134 58.2832
135 58.2615
136 58.2364
137 58.2079
138 58.1761
139 58.1408
140 58.1022
141 58.0602
142 58.0147
143 57.9659
144 57.9136
145 57.8578
146 57.7986
147 57.736
148 57.6699
149 57.6003
150 57.5272
151 57.4506
152 57.3705
153 57.2868
154 57.1996
155 57.1089
156 57.0145
157 56.9165
158 56.815
159 56.7097
160 56.6009
161 56.4883
162 56.372
163 56.252
164 56.1283
165 56.0008
166 55.8694
167 55.7343
168 55.5953
169 55.4524
170 55.3055
171 55.1548
172 55.0
173 54.8413
174 54.6785
175 54.5116
176 54.3406
177 54.1654
178 53.986
179 53.8024
180 53.6145
181 53.4223
182 53.2257
183 53.0246
219 42.2056
220 41.7784
221 41.3421
222 40.8963
223 40.4407
224 39.975
225 39.4989
226 39.012
227 38.5138
228 38.0039
229 37.4818
230 36.9471
231 36.3991
232 35.8372
233 35.2609
234 34.6693
235 34.0617
236 33.4371
237 32.7947
238 32.1334
239 31.4519
240 30.749
241 30.0231
242 29.2724
243 28.4952
244 27.689
245 26.8514
246 25.9792
247 25.0689
248 24.1161
249 23.1156
250 22.0609
251 20.9438
252 19.7538
253 18.4767
254 17.093
255 15.5744