0 12.8471
1 14.6356
2 16.2163
3 17.6453
4 18.9569
5 20.1739
6 21.3127
7 22.3851
8 23.4003
9 24.3654
10 25.2861
11 26.1673
12 27.0126
13 27.8254
14 28.6085
15 29.3642
16 30.0946
17 30.8015
18 31.4865
19 32.1509
20 32.7961
21 33.4231
22 34.033
23 34.6267
24 35.2049
25 35.7684
26 36.3179
27 36.8541
28 37.3775
29 37.8886
30 38.388
31 38.876
32 39.3531
33 39.8198
34 40.2763
35 40.7229
36 41.1602
37 41.5882
38 42.0073
39 42.4178
40 42.8199
41 43.2138
42 43.5999
43 43.9782
44 44.3489
45 44.7123
46 45.0686
47 45.4179
48 45.7603
49 46.0961
50 46.4253
51 46.7481
52 47.0647
53 47.3751
54 47.6795
55 47.978
56 48.2707
57 48.5577
58 48.8391
59 49.115
60 49.3855
61 49.6507
62 49.9106
63 50.1655
64 50.4152
65 50.66
66 50.8998
67 51.1348
68 51.3649
69 51.5904
70 51.8112
71 52.0274
72 52.2391
73 52.4462
74 52.6489
75 52.8473
76 53.0413
77 53.231
78 53.4165
79 53.5977
80 53.7748
81 53.9478
82 54.1167
83 54.2816
84 54.4425
85 54.5994
86 54.7524
87 54.9014
88 55.0466
89 55.188
90 55.3256
91 55.4594
92 55.5894
93 55.7157
94 55.8383
95 55.9572
96 56.0725
97 56.1841
98 56.2921
99 56.3966
100 56.4974
101 56.5948
102 56.6886
103 56.7788
104 56.8656
105 56.9489
106 57.0287
107 57.1051
108 57.1781
109 57.2476
110 57.3137
111 57.3764
112 57.4357
113 57.4917
114 57.5442
115 57.5934
116 57.6393
117 57.6818
118 57.721
119 57.7569
120 57.7894
121 57.8186
122 57.8445
123 57.8671
124 57.8864
125 57.9024
126 57.9151
127 57.9245
128 57.9306
129 57.9334
130 57.9329
131 57.9292
132 57.9221
133 57.9117
134 57.8981
135 57.8811
136 57.8609
137 57.8373
138 57.8104
139 57.7803
140 57.7468
141 57.7099
142 57.6698
143 57.6263
144 57.5795
145 57.5293
146 57.4757
147 57.4188
148 57.3585
149 57.2948
150 57.2277
151 57.1572
152 57.0833
153 57.0059
154 56.925
155 56.8407
156 56.7529
157 56.6616
158 56.5668
159 56.4685
160 56.3666
161 56.2611
162 56.152
163 56.0393
164 55.923
165 55.803
166 55.6793
167 55.5519
168 55.4208
169 55.2859
170 55.1473
171 55.0048
172 54.8585
173 54.7083
174 54.5541
175 54.3961
176 54.2341
177 54.068
178 53.8979
179 53.7237
180 53.5454
181 53.3629
218 43.1001
219 42.7038
220 42.2992
221 41.8863
222 41.4646
223 41.0339
224 40.594
225 40.1445
226 39.6851
227 39.2154
228 38.7351
229 38.2439
230 37.7411
231 37.2265
232 36.6995
233 36.1595
234 35.6059
235 35.0382
236 34.4556
237 33.8573
238 33.2425
239 32.6103
240 31.9596
241 31.2893
242 30.5981
243 29.8846
244 29.147
245 28.3835
246 27.5921
247 26.7701
248 25.9147
249 25.0225
250 24.0894
251 23.1103
252 22.0793
253 20.9887
254 19.8285
255 18.5858
256 17.2429
257 15.774
258 14.1399