0 13.7996
1 15.4396
2 16.9105
3 18.2532
4 19.4941
5 20.6516
6 21.7391
7 22.7665
8 23.7418
9 24.671
10 25.5591
11 26.4104
12 27.2283
13 28.0157
14 28.7752
15 29.5088
16 30.2184
17 30.9058
18 31.5723
19 32.2193
20 32.8479
21 33.4591
22 34.0539
23 34.6332
24 35.1976
25 35.7479
26 36.2848
27 36.8088
28 37.3205
29 37.8203
30 38.3088
31 38.7864
32 39.2534
33 39.7102
34 40.1572
35 40.5948
36 41.0231
37 41.4425
38 41.8533
39 42.2557
40 42.65
41 43.0363
42 43.4149
43 43.786
44 44.1498
45 44.5065
46 44.8561
47 45.199
48 45.5352
49 45.8649
50 46.1882
51 46.5052
52 46.8162
53 47.1212
54 47.4203
55 47.7136
56 48.0013
57 48.2834
58 48.56
59 48.8313
60 49.0973
61 49.3581
62 49.6138
63 49.8644
64 50.1101
65 50.351
66 50.587
67 50.8182
68 51.0448
69 51.2667
70 51.4841
71 51.697
72 51.9054
73 52.1094
74 52.3091
75 52.5045
76 52.6957
77 52.8826
78 53.0654
79 53.244
80 53.4186
81 53.5892
82 53.7558
83 53.9184
84 54.0771
85 54.2319
86 54.3828
87 54.53
88 54.6733
89 54.8129
90 54.9487
91 55.0809
92 55.2093
93 55.3341
94 55.4553
95 55.5729
96 55.6869
97 55.7973
98 55.9042
99 56.0076
100 56.1074
101 56.2038
102 56.2968
103 56.3862
104 56.4723
105 56.5549
106 56.6342
107 56.71
108 56.7825
109 56.8517
110 56.9175
111 56.9799
112 57.039
113 57.0948
114 57.1474
115 57.1966
116 57.2425
117 57.2852
118 57.3246
119 57.3607
120 57.3936
121 57.4232
122 57.4495
123 57.4727
124 57.4925
125 57.5092
126 57.5226
127 57.5328
128 57.5398
129 57.5435
130 57.544
131 57.5413
132 57.5354
133 57.5262
134 57.5138
135 57.4982
136 57.4793
137 57.4572
138 57.4318
139 57.4033
140 57.3714
141 57.3363
142 57.298
143 57.2564
144 57.2115
145 57.1633
146 57.1118
147 57.057
148 56.9989
149 56.9375
150 56.8728
151 56.8047
152 56.7333
153 56.6585
154 56.5803
155 56.4988
156 56.4138
157 56.3254
158 56.2336
159 56.1383
160 56.0395
161 55.9372
162 55.8315
163 55.7221
164 55.6093
165 55.4928
166 55.3728
167 55.2492
168 55.1219
169 54.9909
170 54.8562
171 54.7178
172 54.5757
173 54.4297
174 54.28
175 54.1264
176 53.969
177 53.8076
178 53.6423
179 53.473
215 44.2633
216 43.9018
217 43.533
218 43.1568
219 42.7729
220 42.3812
221 41.9814
222 41.5733
223 41.1566
224 40.7311
225 40.2965
226 39.8525
227 39.3988
228 38.9351
229 38.4609
230 37.9759
231 37.4797
232 36.9718
233 36.4518
234 35.919
235 35.373
236 34.8131
237 34.2386
238 33.6488
239 33.0428
240 32.4199
241 31.7788
242 31.1186
243 30.438
244 29.7355
245 29.0097
246 28.2586
247 27.4803
248 26.6724
249 25.832
250 24.9558
251 24.0401
252 23.08
253 22.0699
254 21.0023
255 19.8682
256 18.6553
257 17.3472
258 15.9204
259 14.3395