0 12.882
1 14.5997
2 16.1243
3 17.5064
4 18.7775
5 19.9588
6 21.0653
7 22.1084
8 23.0966
9 24.0367
10 24.9342
11 25.7934
12 26.6181
13 27.4115
14 28.176
15 28.9142
16 29.6278
17 30.3187
18 30.9883
19 31.6381
20 32.2692
21 32.8826
22 33.4795
23 34.0605
24 34.6266
25 35.1785
26 35.7167
27 36.242
28 36.7548
29 37.2557
30 37.7452
31 38.2237
32 38.6916
33 39.1493
34 39.5971
35 40.0354
36 40.4645
37 40.8847
38 41.2962
39 41.6993
40 42.0942
41 42.4812
42 42.8605
43 43.2323
44 43.5968
45 43.9541
46 44.3045
47 44.6481
48 44.985
49 45.3154
50 45.6395
51 45.9573
52 46.2691
53 46.5749
54 46.8748
55 47.169
56 47.4575
57 47.7405
58 48.0181
59 48.2904
60 48.5574
61 48.8192
62 49.0759
63 49.3277
64 49.5745
65 49.8164
66 50.0536
67 50.2861
68 50.5139
69 50.7371
70 50.9558
71 51.17
72 51.3798
73 51.5852
74 51.7864
75 51.9833
76 52.1759
77 52.3644
78 52.5488
79 52.7291
80 52.9054
81 53.0777
82 53.246
83 53.4104
84 53.5709
85 53.7276
86 53.8805
87 54.0296
88 54.1749
89 54.3165
90 54.4545
91 54.5887
92 54.7194
93 54.8464
94 54.9698
95 55.0897
96 55.206
97 55.3189
98 55.4282
99 55.534
100 55.6364
101 55.7354
102 55.831
103 55.9231
104 56.0119
105 56.0973
106 56.1794
107 56.2581
108 56.3335
109 56.4056
110 56.4744
111 56.5399
112 56.6022
113 56.6611
114 56.7169
115 56.7694
116 56.8186
117 56.8647
118 56.9075
119 56.9471
120 56.9835
121 57.0167
122 57.0467
123 57.0735
124 57.0972
125 57.1177
126 57.135
127 57.1491
128 57.1601
129 57.1679
130 57.1725
131 57.174
132 57.1723
133 57.1674
134 57.1594
135 57.1482
136 57.1338
137 57.1163
138 57.0956
139 57.0717
140 57.0446
141 57.0144
142 56.9809
143 56.9443
144 56.9045
145 56.8614
146 56.8151
147 56.7656
148 56.7129
149 56.6569
150 56.5977
151 56.5352
152 56.4695
153 56.4005
154 56.3281
155 56.2525
156 56.1735
157 56.0912
158 56.0056
159 55.9165
160 55.8241
161 55.7283
162 55.6291
163 55.5264
164 55.4203
165 55.3108
166 55.1977
167 55.0811
168 54.9609
169 54.8373
170 54.71
171 54.5791
172 54.4445
173 54.3063
174 54.1645
175 54.0188
176 53.8695
177 53.7163
178 53.5594
214 44.9607
215 44.6233
216 44.2792
217 43.9283
218 43.5705
219 43.2055
220 42.8332
221 42.4533
222 42.0657
223 41.6702
224 41.2665
225 40.8544
226 40.4336
227 40.0038
228 39.5648
229 39.1163
230 38.6579
231 38.1892
232 37.7099
233 37.2196
234 36.7179
235 36.2041
236 35.6779
237 35.1387
238 34.5859
239 34.0187
240 33.4365
241 32.8385
242 32.2238
243 31.5914
244 30.9402
245 30.2691
246 29.5766
247 28.8612
248 28.1213
249 27.3547
250 26.5591
251 25.732
252 24.8701
253 23.9697
254 23.0263
255 22.0344
256 20.987
257 19.8754
258 18.6881
259 17.4098
260 16.0185
261 14.4818