0 13.6833
1 15.2774
2 16.7095
3 18.0185
4 19.2294
5 20.3598
6 21.4224
7 22.4269
8 23.3807
9 24.2898
10 25.1592
11 25.9926
12 26.7936
13 27.5649
14 28.309
15 29.0279
16 29.7235
17 30.3974
18 31.051
19 31.6856
20 32.3022
21 32.9019
22 33.4856
23 34.0541
24 34.6082
25 35.1485
26 35.6757
27 36.1903
28 36.693
29 37.184
30 37.664
31 38.1333
32 38.5924
33 39.0415
34 39.481
35 39.9113
36 40.3326
37 40.7453
38 41.1495
39 41.5455
40 41.9336
41 42.3139
42 42.6867
43 43.0522
44 43.4106
45 43.762
46 44.1066
47 44.4445
48 44.7759
49 45.101
50 45.4199
51 45.7327
52 46.0396
53 46.3406
54 46.6359
55 46.9255
56 47.2097
57 47.4884
58 47.7618
59 48.03
60 48.293
61 48.551
62 48.804
63 49.0521
64 49.2953
65 49.5338
66 49.7676
67 49.9968
68 50.2214
69 50.4416
70 50.6573
71 50.8686
72 51.0755
73 51.2782
74 51.4767
75 51.671
76 51.8612
77 52.0472
78 52.2293
79 52.4073
80 52.5814
81 52.7515
82 52.9178
83 53.0802
84 53.2388
85 53.3937
86 53.5448
87 53.6922
88 53.8359
89 53.9759
90 54.1123
91 54.2452
92 54.3744
93 54.5001
94 54.6223
95 54.741
96 54.8562
97 54.968
98 55.0763
99 55.1812
100 55.2828
101 55.3809
102 55.4757
103 55.5672
104 55.6553
105 55.7402
106 55.8217
107 55.9
108 55.975
109 56.0468
110 56.1153
111 56.1806
112 56.2427
113 56.3015
114 56.3572
115 56.4097
116 56.4591
117 56.5052
118 56.5482
119 56.5881
120 56.6248
121 56.6583
122 56.6888
123 56.7161
124 56.7403
125 56.7613
126 56.7793
127 56.7941
128 56.8058
129 56.8144
130 56.8199
131 56.8223
132 56.8216
133 56.8178
134 56.8109
135 56.8008
136 56.7877
137 56.7714
138 56.7521
139 56.7296
140 56.704
141 56.6752
142 56.6434
143 56.6084
144 56.5702
145 56.529
146 56.4845
147 56.4369
148 56.3861
149 56.3322
150 56.275
151 56.2147
152 56.1511
153 56.0844
154 56.0144
155 55.9411
156 55.8646
157 55.7849
158 55.7018
159 55.6155
160 55.5258
161 55.4328
162 55.3365
163 55.2368
164 55.1337
165 55.0272
166 54.9173
167 54.804
168 54.6872
169 54.5669
170 54.4431
171 54.3158
172 54.1849
173 54.0504
174 53.9123
175 53.7706
212 45.5905
213 45.2749
214 44.9532
215 44.6252
216 44.2908
217 43.9499
218 43.6022
219 43.2477
220 42.8861
221 42.5172
222 42.141
223 41.7571
224 41.3655
225 40.9657
226 40.5577
227 40.1411
228 39.7158
229 39.2813
230 38.8374
231 38.3838
232 37.9201
233 37.446
234 36.961
235 36.4647
236 35.9566
237 35.4363
238 34.9032
239 34.3566
240 33.7961
241 33.2207
242 32.6298
243 32.0225
244 31.3978
245 30.7547
246 30.092
247 29.4083
248 28.7023
249 27.9721
250 27.2158
251 26.4313
252 25.6158
253 24.7664
254 23.8795
255 22.9506
256 21.9744
257 20.9444
258 19.8522
259 18.6868
260 17.4336
261 16.0721
262 14.5719