0 12.6726
1 14.3575
2 15.8535
3 17.2101
4 18.4579
5 19.6178
6 20.7044
7 21.7289
8 22.6997
9 23.6233
10 24.505
11 25.3494
12 26.1599
13 26.9396
14 27.6912
15 28.4169
16 29.1185
17 29.7979
18 30.4564
19 31.0955
20 31.7162
21 32.3197
22 32.9069
23 33.4787
24 34.0357
25 34.5789
26 35.1087
27 35.6258
28 36.1307
29 36.624
30 37.1061
31 37.5773
32 38.0383
33 38.4892
34 38.9305
35 39.3624
36 39.7853
37 40.1995
38 40.6053
39 41.0028
40 41.3923
41 41.774
42 42.1483
43 42.5151
44 42.8748
45 43.2276
46 43.5735
47 43.9127
48 44.2455
49 44.5719
50 44.8921
51 45.2062
52 45.5144
53 45.8167
54 46.1133
55 46.4043
56 46.6898
57 46.9699
58 47.2447
59 47.5143
60 47.7787
61 48.0381
62 48.2925
63 48.542
64 48.7868
65 49.0268
66 49.2621
67 49.4928
68 49.719
69 49.9407
70 50.158
71 50.3709
72 50.5796
73 50.7839
74 50.9841
75 51.1801
76 51.372
77 51.5599
78 51.7438
79 51.9236
80 52.0996
81 52.2716
82 52.4398
83 52.6042
84 52.7648
85 52.9217
86 53.0749
87 53.2243
88 53.3702
89 53.5124
90 53.651
91 53.786
92 53.9176
93 54.0456
94 54.1701
95 54.2912
96 54.4088
97 54.523
98 54.6338
99 54.7412
100 54.8453
101 54.9461
102 55.0435
103 55.1377
104 55.2285
105 55.3161
106 55.4004
107 55.4815
108 55.5594
109 55.6341
110 55.7056
111 55.7739
112 55.839
113 55.901
114 55.9598
115 56.0155
116 56.068
117 56.1174
118 56.1638
119 56.207
120 56.2471
121 56.2841
122 56.318
123 56.3489
124 56.3767
125 56.4014
126 56.423
127 56.4416
128 56.4571
129 56.4696
130 56.479
131 56.4853
132 56.4886
133 56.4889
134 56.4861
135 56.4802
136 56.4713
137 56.4594
138 56.4443
139 56.4263
140 56.4051
141 56.3809
142 56.3536
143 56.3233
144 56.2899
145 56.2533
146 56.2137
147 56.171
148 56.1252
149 56.0763
150 56.0243
151 55.9691
152 55.9108
153 55.8494
154 55.7848
155 55.717
156 55.646
157 55.5719
158 55.4945
159 55.4139
160 55.3301
161 55.2431
162 55.1527
163 55.0591
164 54.9622
165 54.862
166 54.7585
167 54.6516
168 54.5413
169 54.4277
170 54.3106
171 54.1901
172 54.0662
173 53.9387
174 53.8078
210 46.4514
211 46.1613
212 45.8657
213 45.5643
214 45.2571
215 44.9439
216 44.6247
217 44.2993
218 43.9676
219 43.6294
220 43.2846
221 42.933
222 42.5745
223 42.2088
224 41.8358
225 41.4553
226 41.067
227 40.6709
228 40.2665
229 39.8537
230 39.4322
231 39.0018
232 38.562
233 38.1127
234 37.6535
235 37.1839
236 36.7036
237 36.2122
238 35.7092
239 35.1942
240 34.6665
241 34.1256
242 33.5708
243 33.0015
244 32.4169
245 31.8161
246 31.1983
247 30.5623
248 29.907
249 29.2311
250 28.5333
251 27.8117
252 27.0645
253 26.2895
254 25.4842
255 24.6456
256 23.7703
257 22.8539
258 21.8913
259 20.8761
260 19.8002
261 18.6532
262 17.421
263 16.0841
264 14.6136