0 21.753
1 24.8798
2 27.6255
3 30.0945
4 32.3502
5 34.4347
6 36.3772
7 38.1996
8 39.9182
9 41.5459
10 43.0931
11 44.5681
12 45.9779
13 47.3282
14 48.6241
15 49.8698
16 51.069
17 52.2248
18 53.3402
19 54.4175
20 55.459
21 56.4666
22 57.4423
23 58.3875
24 59.3037
25 60.1923
26 61.0544
27 61.8911
28 62.7036
29 63.4926
30 64.2591
31 65.0039
32 65.7276
33 66.4311
34 67.1149
35 67.7796
36 68.4258
37 69.0539
38 69.6646
39 70.2582
40 70.8352
41 71.3959
42 71.9408
43 72.4702
44 72.9845
45 73.4839
46 73.9688
47 74.4395
48 74.8961
49 75.3391
50 75.7685
51 76.1847
52 76.5879
53 76.9782
54 77.3558
55 77.7211
56 78.074
57 78.4148
58 78.7436
59 79.0607
60 79.366
61 79.6599
62 79.9423
63 80.2134
64 80.4734
65 80.7223
66 80.9602
67 81.1873
68 81.4036
69 81.6092
70 81.8042
71 81.9886
72 82.1626
73 82.3262
74 82.4795
75 82.6225
76 82.7552
77 82.8778
78 82.9903
79 83.0926
80 83.185
81 83.2673
82 83.3396
83 83.4019
84 83.4543
85 83.4968
86 83.5294
87 83.552
88 83.5648
89 83.5677
90 83.5608
91 83.5439
92 83.5172
93 83.4805
94 83.434
95 83.3775
96 83.3111
97 83.2347
98 83.1483
99 83.0518
100 82.9453
101 82.8287
102 82.7019
103 82.565
104 82.4178
105 82.2603
106 82.0924
107 81.9142
108 81.7254
109 81.526
110 81.3161
111 81.0954
112 80.8638
113 80.6214
114 80.368
115 80.1034
116 79.8277
117 79.5406
118 79.242
119 78.9319
120 78.61
121 78.2763
122 77.9305
123 77.5726
124 77.2022
125 76.8194
126 76.4238
127 76.0154
128 75.5938
129 75.1588
130 74.7103
131 74.2479
132 73.7714
133 73.2806
134 72.7751
135 72.2547
136 71.7189
137 71.1676
138 70.6002
139 70.0164
140 69.4159
141 68.7981
142 68.1626
143 67.5088
144 66.8364
145 66.1446
146 65.4329
147 64.7006
148 63.947
149 63.1713
150 62.3728
151 61.5505
152 60.7034
153 59.8306
154 58.9308
155 58.0029
156 57.0453
157 56.0567
158 55.0354
159 53.9794
160 52.8868
161 51.7552
162 50.5819
163 49.364
164 48.0982
165 46.7805
166 45.4064
167 43.9706
168 42.4668
169 40.8877
170 39.224
171 37.4645
172 35.595
173 33.5972
174 31.4465
175 29.1092
176 26.536