0 13.3479
1 14.9267
2 16.3434
3 17.6372
4 18.8335
5 19.9497
6 20.9986
7 21.9899
8 22.9311
9 23.8281
10 24.6856
11 25.5078
12 26.2979
13 27.0586
14 27.7925
15 28.5017
16 29.1878
17 29.8525
18 30.4971
19 31.1231
20 31.7313
21 32.323
22 32.8988
23 33.4597
24 34.0064
25 34.5396
26 35.0598
27 35.5678
28 36.0638
29 36.5486
30 37.0224
31 37.4858
32 37.939
33 38.3825
34 38.8166
35 39.2416
36 39.6578
37 40.0655
38 40.4649
39 40.8563
40 41.2398
41 41.6158
42 41.9844
43 42.3458
44 42.7002
45 43.0478
46 43.3887
47 43.7231
48 44.0511
49 44.3729
50 44.6886
51 44.9984
52 45.3023
53 45.6005
54 45.893
55 46.1801
56 46.4618
57 46.7382
58 47.0093
59 47.2753
60 47.5363
61 47.7924
62 48.0436
63 48.2899
64 48.5316
65 48.7686
66 49.001
67 49.2289
68 49.4523
69 49.6714
70 49.8861
71 50.0965
72 50.3027
73 50.5047
74 50.7025
75 50.8963
76 51.0861
77 51.2718
78 51.4536
79 51.6316
80 51.8056
81 51.9758
82 52.1422
83 52.3049
84 52.4639
85 52.6192
86 52.7708
87 52.9188
88 53.0632
89 53.2041
90 53.3414
91 53.4752
92 53.6055
93 53.7324
94 53.8559
95 53.9759
96 54.0926
97 54.2059
98 54.3159
99 54.4225
100 54.5259
101 54.6259
102 54.7227
103 54.8163
104 54.9066
105 54.9937
106 55.0776
107 55.1584
108 55.2359
109 55.3103
110 55.3816
111 55.4497
112 55.5147
113 55.5766
114 55.6354
115 55.6911
116 55.7438
117 55.7933
118 55.8398
119 55.8833
120 55.9237
121 55.961
122 55.9953
123 56.0266
124 56.0549
125 56.0801
126 56.1024
127 56.1216
128 56.1378
129 56.151
130 56.1612
131 56.1683
132 56.1725
133 56.1737
134 56.1719
135 56.1671
136 56.1593
137 56.1484
138 56.1346
139 56.1178
140 56.0979
141 56.0751
142 56.0492
143 56.0203
144 55.9884
145 55.9534
146 55.9154
147 55.8744
148 55.8303
149 55.7832
150 55.733
151 55.6797
152 55.6233
153 55.5639
154 55.5013
155 55.4357
156 55.3669
157 55.295
158 55.2199
159 55.1417
160 55.0603
161 54.9757
162 54.8879
163 54.7969
164 54.7027
165 54.6052
166 54.5044
167 54.4004
168 54.293
169 54.1824
170 54.0684
171 53.951
172 53.8302
208 46.9527
209 46.6805
210 46.403
211 46.1202
212 45.832
213 45.5383
214 45.2389
215 44.9337
216 44.6228
217 44.3058
218 43.9827
219 43.6533
220 43.3176
221 42.9753
222 42.6263
223 42.2704
224 41.9075
225 41.5374
226 41.1598
227 40.7747
228 40.3816
229 39.9805
230 39.5711
231 39.153
232 38.7261
233 38.2901
234 37.8446
235 37.3892
236 36.9237
237 36.4476
238 35.9605
239 35.462
240 34.9515
241 34.4286
242 33.8926
243 33.343
244 32.779
245 32.1999
246 31.6049
247 30.993
248 30.3632
249 29.7144
250 29.0454
251 28.3546
252 27.6404
253 26.901
254 26.1343
255 25.3378
256 24.5084
257 23.6429
258 22.7371
259 21.7859
260 20.7832
261 19.721
262 18.5892
263 17.3741
264 16.0569
265 14.61