0 12.2245
1 13.913
2 15.407
3 16.7585
4 17.9998
5 19.1522
6 20.2309
7 21.2471
8 22.2095
9 23.1248
10 23.9983
11 24.8345
12 25.637
13 26.4089
14 27.1527
15 27.8708
16 28.5651
17 29.2373
18 29.8888
19 30.521
20 31.1351
21 31.7321
22 32.313
23 32.8786
24 33.4296
25 33.9669
26 34.4911
27 35.0027
28 35.5022
29 35.9903
30 36.4673
31 36.9336
32 37.3898
33 37.836
34 38.2728
35 38.7004
36 39.119
37 39.5291
38 39.9308
39 40.3244
40 40.7102
41 41.0883
42 41.4591
43 41.8225
44 42.179
45 42.5285
46 42.8714
47 43.2077
48 43.5376
49 43.8613
50 44.1789
51 44.4905
52 44.7963
53 45.0963
54 45.3907
55 45.6796
56 45.9631
57 46.2413
58 46.5142
59 46.7821
60 47.0449
61 47.3028
62 47.5558
63 47.804
64 48.0475
65 48.2863
66 48.5206
67 48.7504
68 48.9757
69 49.1966
70 49.4132
71 49.6255
72 49.8336
73 50.0376
74 50.2374
75 50.4332
76 50.625
77 50.8127
78 50.9966
79 51.1766
80 51.3527
81 51.525
82 51.6936
83 51.8584
84 52.0195
85 52.177
86 52.3308
87 52.4811
88 52.6278
89 52.7709
90 52.9106
91 53.0467
92 53.1794
93 53.3087
94 53.4346
95 53.5571
96 53.6763
97 53.7921
98 53.9046
99 54.0138
100 54.1198
101 54.2225
102 54.3219
103 54.4182
104 54.5113
105 54.6011
106 54.6878
107 54.7714
108 54.8518
109 54.9291
110 55.0033
111 55.0744
112 55.1424
113 55.2074
114 55.2692
115 55.3281
116 55.3838
117 55.4366
118 55.4863
119 55.533
120 55.5767
121 55.6174
122 55.6551
123 55.6899
124 55.7216
125 55.7503
126 55.7761
127 55.7989
128 55.8188
129 55.8357
130 55.8496
131 55.8605
132 55.8686
133 55.8736
134 55.8757
135 55.8749
136 55.871
137 55.8643
138 55.8546
139 55.8419
140 55.8263
141 55.8077
142 55.7861
143 55.7616
144 55.7341
145 55.7036
146 55.6701
147 55.6337
148 55.5943
149 55.5518
150 55.5064
151 55.4579
152 55.4065
153 55.352
154 55.2944
155 55.2338
156 55.1702
157 55.1035
158 55.0337
159 54.9608
160 54.8848
161 54.8057
162 54.7235
163 54.6381
164 54.5496
165 54.4578
166 54.3629
167 54.2648
168 54.1635
169 54.0589
170 53.9511
207 47.4101
208 47.1543
209 46.8936
210 46.6279
211 46.3571
212 46.0811
213 45.7998
214 45.5132
215 45.2212
216 44.9235
217 44.6202
218 44.3111
219 43.996
220 43.6749
221 43.3476
222 43.014
223 42.674
224 42.3272
225 41.9737
226 41.6132
227 41.2456
228 40.8706
229 40.4881
230 40.0978
231 39.6996
232 39.293
233 38.878
234 38.4542
235 38.0214
236 37.5792
237 37.1273
238 36.6653
239 36.1928
240 35.7095
241 35.2148
242 34.7084
243 34.1896
244 33.6579
245 33.1128
246 32.5534
247 31.979
248 31.3889
249 30.7822
250 30.1578
251 29.5145
252 28.8512
253 28.1665
254 27.4587
255 26.7259
256 25.9662
257 25.1769
258 24.3554
259 23.4981
260 22.601
261 21.6593
262 20.6666
263 19.6155
264 18.4957
265 17.2942
266 15.9923
267 14.5633