0 12.7898
1 14.3852
2 15.8103
3 17.1078
4 18.3047
5 19.4197
6 20.4661
7 21.4541
8 22.3913
9 23.2838
10 24.1367
11 24.954
12 25.7391
13 26.4948
14 27.2236
15 27.9276
16 28.6087
17 29.2683
18 29.9081
19 30.5291
20 31.1326
21 31.7194
22 32.2906
23 32.847
24 33.3892
25 33.918
26 34.434
27 34.9378
28 35.4298
29 35.9105
30 36.3805
31 36.8401
32 37.2897
33 37.7296
34 38.1603
35 38.5819
36 38.9949
37 39.3994
38 39.7957
39 40.1841
40 40.5648
41 40.938
42 41.3039
43 41.6627
44 42.0146
45 42.3598
46 42.6984
47 43.0305
48 43.3564
49 43.6762
50 43.9899
51 44.2978
52 44.5999
53 44.8964
54 45.1874
55 45.4729
56 45.7532
57 46.0282
58 46.2981
59 46.5629
60 46.8228
61 47.0778
62 47.3281
63 47.5736
64 47.8145
65 48.0508
66 48.2826
67 48.5099
68 48.7329
69 48.9515
70 49.1659
71 49.3761
72 49.5822
73 49.7841
74 49.982
75 50.1759
76 50.3658
77 50.5518
78 50.7339
79 50.9122
80 51.0868
81 51.2575
82 51.4246
83 51.588
84 51.7477
85 51.9039
86 52.0564
87 52.2054
88 52.3509
89 52.493
90 52.6315
91 52.7666
92 52.8984
93 53.0267
94 53.1517
95 53.2734
96 53.3918
97 53.5069
98 53.6187
99 53.7272
100 53.8326
101 53.9347
102 54.0337
103 54.1295
104 54.2221
105 54.3116
106 54.398
107 54.4813
108 54.5615
109 54.6386
110 54.7126
111 54.7836
112 54.8516
113 54.9165
114 54.9784
115 55.0373
116 55.0932
117 55.1461
118 55.196
119 55.243
120 55.287
121 55.328
122 55.3661
123 55.4012
124 55.4334
125 55.4626
126 55.489
127 55.5124
128 55.5328
129 55.5504
130 55.5651
131 55.5768
132 55.5856
133 55.5915
134 55.5945
135 55.5946
136 55.5918
137 55.586
138 55.5774
139 55.5658
140 55.5514
141 55.534
142 55.5137
143 55.4905
144 55.4643
145 55.4352
146 55.4032
147 55.3683
148 55.3304
149 55.2895
150 55.2457
151 55.1989
152 55.1492
153 55.0964
154 55.0407
155 54.982
156 54.9203
157 54.8556
158 54.7878
159 54.717
160 54.6431
161 54.5662
162 54.4862
163 54.4031
164 54.3169
165 54.2276
166 54.1351
167 54.0395
168 53.9408
204 48.0648
205 47.8288
206 47.5882
207 47.343
208 47.093
209 46.8383
210 46.5787
211 46.3141
212 46.0445
213 45.7698
214 45.4899
215 45.2047
216 44.9141
217 44.6179
218 44.3161
219 44.0086
220 43.6952
221 43.3758
222 43.0503
223 42.7185
224 42.3803
225 42.0356
226 41.6841
227 41.3257
228 40.9602
229 40.5874
230 40.2072
231 39.8193
232 39.4234
233 39.0194
234 38.607
235 38.1859
236 37.7558
237 37.3164
238 36.8674
239 36.4084
240 35.9391
241 35.459
242 34.9677
243 34.4646
244 33.9494
245 33.4214
246 32.88
247 32.3245
248 31.7542
249 31.1683
250 30.5659
251 29.9459
252 29.3074
253 28.6489
254 27.9692
255 27.2666
256 26.5394
257 25.7853
258 25.0021
259 24.1868
260 23.3362
261 22.4461
262 21.5118
263 20.5271
264 19.4844
265 18.3739
266 17.1824
267 15.8916
268 14.4752