0 11.5225
1 13.2561
2 14.7772
3 16.1458
4 17.3981
5 18.5575
6 19.6406
7 20.6593
8 21.6227
9 22.538
10 23.4107
11 24.2455
12 25.0462
13 25.8159
14 26.5573
15 27.2728
16 27.9643
17 28.6336
18 29.2822
19 29.9114
20 30.5224
21 31.1164
22 31.6942
23 32.2567
24 32.8048
25 33.3391
26 33.8603
27 34.3689
28 34.8656
29 35.3509
30 35.8251
31 36.2888
32 36.7422
33 37.1859
34 37.6202
35 38.0453
36 38.4616
37 38.8694
38 39.2688
39 39.6603
40 40.044
41 40.4201
42 40.7888
43 41.1504
44 41.505
45 41.8528
46 42.194
47 42.5287
48 42.8571
49 43.1794
50 43.4956
51 43.8058
52 44.1104
53 44.4092
54 44.7025
55 44.9904
56 45.2729
57 45.5502
58 45.8223
59 46.0895
60 46.3516
61 46.6089
62 46.8613
63 47.1091
64 47.3521
65 47.5907
66 47.8247
67 48.0542
68 48.2794
69 48.5003
70 48.7169
71 48.9293
72 49.1376
73 49.3418
74 49.5419
75 49.738
76 49.9302
77 50.1185
78 50.3029
79 50.4835
80 50.6603
81 50.8334
82 51.0028
83 51.1686
84 51.3307
85 51.4892
86 51.6441
87 51.7955
88 51.9435
89 52.0879
90 52.229
91 52.3666
92 52.5008
93 52.6317
94 52.7592
95 52.8834
96 53.0044
97 53.1221
98 53.2365
99 53.3478
100 53.4558
101 53.5606
102 53.6623
103 53.7608
104 53.8563
105 53.9486
106 54.0378
107 54.1239
108 54.207
109 54.287
110 54.3639
111 54.4379
112 54.5088
113 54.5768
114 54.6417
115 54.7037
116 54.7627
117 54.8188
118 54.8719
119 54.922
120 54.9693
121 55.0136
122 55.0549
123 55.0934
124 55.129
125 55.1617
126 55.1914
127 55.2183
128 55.2423
129 55.2634
130 55.2817
131 55.297
132 55.3095
133 55.3191
134 55.3259
135 55.3298
136 55.3308
137 55.3289
138 55.3242
139 55.3166
140 55.3061
141 55.2928
142 55.2766
143 55.2575
144 55.2355
145 55.2107
146 55.183
147 55.1523
148 55.1188
149 55.0824
150 55.043
151 55.0008
152 54.9556
153 54.9075
154 54.8565
155 54.8026
156 54.7456
157 54.6857
158 54.6229
159 54.5571
160 54.4882
161 54.4164
162 54.3416
163 54.2637
164 54.1828
165 54.0988
166 54.0118
167 53.9217
203 48.4356
204 48.2135
205 47.987
206 47.7561
207 47.5208
208 47.2809
209 47.0365
210 46.7874
211 46.5335
212 46.2748
213 46.0112
214 45.7426
215 45.469
216 45.1901
217 44.906
218 44.6166
219 44.3217
220 44.0212
221 43.715
222 43.4029
223 43.085
224 42.7609
225 42.4307
226 42.0941
227 41.751
228 41.4011
229 41.0445
230 40.6808
231 40.3099
232 39.9316
233 39.5457
234 39.1519
235 38.75
236 38.3397
237 37.9209
238 37.4931
239 37.0561
240 36.6096
241 36.1531
242 35.6864
243 35.2089
244 34.7204
245 34.2202
246 33.7079
247 33.1829
248 32.6446
249 32.0924
250 31.5254
251 30.9429
252 30.3441
253 29.7278
254 29.093
255 28.4385
256 27.7628
257 27.0644
258 26.3415
259 25.592
260 24.8134
261 24.0031
262 23.1575
263 22.2727
264 21.3439
265 20.365
266 19.3284
267 18.2242
268 17.0393
269 15.7556
270 14.3466