0 11.9867
1 13.6374
2 15.0984
3 16.4205
4 17.635
5 18.7628
6 19.8186
7 20.8135
8 21.7558
9 22.6521
10 23.5076
11 24.3266
12 25.1128
13 25.869
14 26.5979
15 27.3017
16 27.9821
17 28.641
18 29.2797
19 29.8996
20 30.5018
21 31.0873
22 31.6571
23 32.2119
24 32.7526
25 33.2798
26 33.7942
27 34.2963
28 34.7867
29 35.2659
30 35.7343
31 36.1923
32 36.6403
33 37.0787
34 37.5079
35 37.9281
36 38.3396
37 38.7427
38 39.1377
39 39.5248
40 39.9042
41 40.2762
42 40.6409
43 40.9986
44 41.3495
45 41.6936
46 42.0312
47 42.3625
48 42.6875
49 43.0065
50 43.3195
51 43.6267
52 43.9282
53 44.2241
54 44.5145
55 44.7996
56 45.0794
57 45.3541
58 45.6237
59 45.8883
60 46.148
61 46.4029
62 46.6531
63 46.8986
64 47.1395
65 47.3759
66 47.6079
67 47.8354
68 48.0587
69 48.2777
70 48.4925
71 48.7031
72 48.9097
73 49.1122
74 49.3107
75 49.5053
76 49.696
77 49.8828
78 50.0658
79 50.2451
80 50.4206
81 50.5924
82 50.7606
83 50.9251
84 51.0861
85 51.2436
86 51.3975
87 51.5479
88 51.6949
89 51.8384
90 51.9786
91 52.1154
92 52.2489
93 52.379
94 52.5058
95 52.6294
96 52.7498
97 52.8669
98 52.9808
99 53.0915
100 53.1991
101 53.3035
102 53.4048
103 53.503
104 53.5981
105 53.6902
106 53.7792
107 53.8651
108 53.948
109 54.028
110 54.1049
111 54.1788
112 54.2497
113 54.3177
114 54.3828
115 54.4449
116 54.504
117 54.5603
118 54.6136
119 54.664
120 54.7116
121 54.7562
122 54.798
123 54.8369
124 54.8729
125 54.9061
126 54.9364
127 54.9638
128 54.9884
129 55.0102
130 55.0291
131 55.0452
132 55.0584
133 55.0689
134 55.0764
135 55.0812
136 55.0831
137 55.0822
138 55.0785
139 55.0719
140 55.0625
141 55.0503
142 55.0352
143 55.0173
144 54.9965
145 54.9729
146 54.9465
147 54.9172
148 54.8851
149 54.8501
150 54.8122
151 54.7715
152 54.7279
153 54.6813
154 54.632
155 54.5797
156 54.5245
157 54.4663
158 54.4053
159 54.3413
160 54.2744
161 54.2045
162 54.1316
163 54.0558
164 53.9769
201 48.7774
202 48.5682
203 48.3549
204 48.1374
205 47.9157
206 47.6897
207 47.4593
208 47.2245
209 46.9851
210 46.7413
211 46.4928
212 46.2396
213 45.9816
214 45.7187
215 45.4509
216 45.1781
217 44.9001
218 44.6169
219 44.3284
220 44.0345
221 43.735
222 43.4299
223 43.1189
224 42.8021
225 42.4793
226 42.1503
227 41.8149
228 41.4731
229 41.1247
230 40.7695
231 40.4073
232 40.0379
233 39.6612
234 39.2768
235 38.8847
236 38.4845
237 38.076
238 37.659
239 37.2331
240 36.798
241 36.3535
242 35.899
243 35.4344
244 34.9592
245 34.4728
246 33.9749
247 33.465
248 32.9424
249 32.4066
250 31.8569
251 31.2926
252 30.7128
253 30.1167
254 29.5033
255 28.8714
256 28.2199
257 27.5473
258 26.8521
259 26.1324
260 25.3862
261 24.6111
262 23.8041
263 22.9621
264 22.081
265 21.1558
266 20.1805
267 19.1475
268 18.0469
269 16.8654
270 15.5847
271 14.1778