0 12.3587
1 13.9437
2 15.3561
3 16.6399
4 17.8229
5 18.9241
6 19.9569
7 20.9315
8 21.8557
9 22.7357
10 23.5763
11 24.3817
12 25.1552
13 25.8997
14 26.6177
15 27.3111
16 27.982
17 28.6317
18 29.2618
19 29.8735
20 30.4679
21 31.046
22 31.6086
23 32.1567
24 32.6909
25 33.2118
26 33.7202
27 34.2165
28 34.7014
29 35.1752
30 35.6384
31 36.0914
32 36.5346
33 36.9683
34 37.3929
35 37.8087
36 38.216
37 38.615
38 39.0059
39 39.3892
40 39.7648
41 40.1332
42 40.4943
43 40.8486
44 41.1961
45 41.537
46 41.8714
47 42.1996
48 42.5216
49 42.8377
50 43.1478
51 43.4523
52 43.7511
53 44.0444
54 44.3323
55 44.6149
56 44.8923
57 45.1646
58 45.432
59 45.6944
60 45.9519
61 46.2047
62 46.4529
63 46.6964
64 46.9354
65 47.17
66 47.4001
67 47.6259
68 47.8475
69 48.0648
70 48.278
71 48.4871
72 48.6922
73 48.8932
74 49.0904
75 49.2836
76 49.4729
77 49.6585
78 49.8403
79 50.0183
80 50.1927
81 50.3634
82 50.5305
83 50.6941
84 50.8541
85 51.0106
86 51.1636
87 51.3132
88 51.4594
89 51.6022
90 51.7416
91 51.8777
92 52.0105
93 52.14
94 52.2663
95 52.3893
96 52.5091
97 52.6258
98 52.7393
99 52.8496
100 52.9568
101 53.0609
102 53.162
103 53.2599
104 53.3548
105 53.4467
106 53.5355
107 53.6214
108 53.7042
109 53.7841
110 53.861
111 53.9349
112 54.006
113 54.0741
114 54.1392
115 54.2015
116 54.2609
117 54.3174
118 54.371
119 54.4217
120 54.4696
121 54.5146
122 54.5568
123 54.5961
124 54.6326
125 54.6663
126 54.6972
127 54.7252
128 54.7504
129 54.7728
130 54.7924
131 54.8092
132 54.8232
133 54.8344
134 54.8429
135 54.8485
136 54.8513
137 54.8513
138 54.8485
139 54.843
140 54.8346
141 54.8235
142 54.8095
143 54.7927
144 54.7732
145 54.7508
146 54.7256
147 54.6976
148 54.6668
149 54.6332
150 54.5968
151 54.5575
152 54.5153
153 54.4704
154 54.4225
155 54.3718
156 54.3183
157 54.2618
158 54.2025
159 54.1403
160 54.0752
161 54.0071
162 53.9362
198 49.2868
199 49.0936
200 48.8966
201 48.6956
202 48.4906
203 48.2816
204 48.0685
205 47.8512
206 47.6297
207 47.4039
208 47.1739
209 46.9394
210 46.7005
211 46.457
212 46.2089
213 45.9562
214 45.6987
215 45.4364
216 45.1692
217 44.8969
218 44.6196
219 44.3371
220 44.0493
221 43.756
222 43.4573
223 43.153
224 42.8429
225 42.527
226 42.205
227 41.877
228 41.5426
229 41.2019
230 40.8545
231 40.5003
232 40.1393
233 39.7711
234 39.3955
235 39.0124
236 38.6216
237 38.2227
238 37.8156
239 37.4
240 36.9755
241 36.5419
242 36.0989
243 35.6461
244 35.183
245 34.7094
246 34.2248
247 33.7286
248 33.2205
249 32.6997
250 32.1658
251 31.6179
252 31.0555
253 30.4777
254 29.8836
255 29.2722
256 28.6425
257 27.993
258 27.3226
259 26.6295
260 25.912
261 25.1679
262 24.3949
263 23.5901
264 22.7501
265 21.8708
266 20.9474
267 19.9737
268 18.9419
269 17.842
270 16.6605
271 15.3786
272 13.9686