0 12.6495
1 14.1827
2 15.5559
3 16.8084
4 17.9654
5 19.0443
6 20.0578
7 21.0153
8 21.9242
9 22.7903
10 23.6182
11 24.4119
12 25.1746
13 25.9091
14 26.6176
15 27.3022
16 27.9647
17 28.6065
18 29.2291
19 29.8337
20 30.4213
21 30.9929
22 31.5494
23 32.0915
24 32.62
25 33.1355
26 33.6386
27 34.1299
28 34.6098
29 35.0789
30 35.5376
31 35.9862
32 36.4252
33 36.8548
34 37.2754
35 37.6874
36 38.0909
37 38.4863
38 38.8737
39 39.2535
40 39.6259
41 39.991
42 40.3491
43 40.7003
44 41.0448
45 41.3829
46 41.7145
47 42.04
48 42.3594
49 42.6729
50 42.9806
51 43.2826
52 43.579
53 43.87
54 44.1557
55 44.4362
56 44.7115
57 44.9817
58 45.2471
59 45.5075
60 45.7632
61 46.0142
62 46.2606
63 46.5024
64 46.7397
65 46.9726
66 47.2012
67 47.4255
68 47.6456
69 47.8615
70 48.0733
71 48.2811
72 48.4848
73 48.6846
74 48.8805
75 49.0725
76 49.2608
77 49.4452
78 49.6259
79 49.803
80 49.9764
81 50.1462
82 50.3124
83 50.4751
84 50.6343
85 50.79
86 50.9423
87 51.0912
88 51.2366
89 51.3788
90 51.5176
91 51.6531
92 51.7854
93 51.9144
94 52.0402
95 52.1628
96 52.2823
97 52.3986
98 52.5117
99 52.6218
100 52.7287
101 52.8326
102 52.9334
103 53.0312
104 53.126
105 53.2177
106 53.3065
107 53.3923
108 53.4752
109 53.5551
110 53.632
111 53.7061
112 53.7772
113 53.8455
114 53.9108
115 53.9733
116 54.0329
117 54.0897
118 54.1436
119 54.1947
120 54.243
121 54.2884
122 54.331
123 54.3708
124 54.4078
125 54.442
126 54.4735
127 54.5021
128 54.528
129 54.551
130 54.5713
131 54.5889
132 54.6036
133 54.6156
134 54.6249
135 54.6313
136 54.635
137 54.636
138 54.6342
139 54.6296
140 54.6222
141 54.6121
142 54.5993
143 54.5836
144 54.5652
145 54.544
146 54.5201
147 54.4934
148 54.4638
149 54.4315
150 54.3965
151 54.3586
152 54.3179
153 54.2744
154 54.228
155 54.1789
156 54.1269
157 54.0721
158 54.0144
159 53.9539
160 53.8905
196 49.5693
197 49.3874
198 49.2017
199 49.0123
200 48.8191
201 48.6219
202 48.4209
203 48.2159
204 48.0069
205 47.7938
206 47.5766
207 47.3552
208 47.1295
209 46.8996
210 46.6653
211 46.4265
212 46.1833
213 45.9355
214 45.683
215 45.4258
216 45.1638
217 44.8969
218 44.6251
219 44.3482
220 44.0661
221 43.7787
222 43.486
223 43.1878
224 42.884
225 42.5745
226 42.2592
227 41.9379
228 41.6105
229 41.2768
230 40.9368
231 40.5901
232 40.2368
233 39.8765
234 39.5091
235 39.1344
236 38.7522
237 38.3623
238 37.9644
239 37.5582
240 37.1436
241 36.7201
242 36.2876
243 35.8456
244 35.3939
245 34.932
246 34.4595
247 33.976
248 33.4811
249 32.9741
250 32.4546
251 31.9218
252 31.3753
253 30.8141
254 30.2376
255 29.6447
256 29.0346
257 28.406
258 27.7578
259 27.0885
260 26.3965
261 25.6801
262 24.937
263 24.1648
264 23.3607
265 22.5212
266 21.6421
267 20.7186
268 19.7443
269 18.7113
270 17.6092
271 16.4242
272 15.1369
273 13.7183