0 11.1639
1 12.8674
2 14.36
3 15.702
4 16.9292
5 18.0651
6 19.1258
7 20.1234
8 21.0667
9 21.9628
10 22.8173
11 23.6345
12 24.4184
13 25.172
14 25.8979
15 26.5984
16 27.2755
17 27.9308
18 28.566
19 29.1822
20 29.7807
21 30.3625
22 30.9285
23 31.4797
24 32.0167
25 32.5403
26 33.0511
27 33.5497
28 34.0366
29 34.5123
30 34.9774
31 35.4321
32 35.8769
33 36.3122
34 36.7383
35 37.1555
36 37.5641
37 37.9644
38 38.3566
39 38.741
40 39.1179
41 39.4874
42 39.8497
43 40.2051
44 40.5537
45 40.8957
46 41.2312
47 41.5605
48 41.8836
49 42.2007
50 42.512
51 42.8175
52 43.1174
53 43.4118
54 43.7009
55 43.9846
56 44.2632
57 44.5367
58 44.8052
59 45.0688
60 45.3276
61 45.5817
62 45.8311
63 46.076
64 46.3163
65 46.5522
66 46.7837
67 47.011
68 47.234
69 47.4528
70 47.6675
71 47.8781
72 48.0847
73 48.2873
74 48.4861
75 48.6809
76 48.872
77 49.0592
78 49.2428
79 49.4226
80 49.5988
81 49.7714
82 49.9404
83 50.1059
84 50.2679
85 50.4264
86 50.5815
87 50.7332
88 50.8815
89 51.0264
90 51.168
91 51.3064
92 51.4415
93 51.5733
94 51.702
95 51.8274
96 51.9497
97 52.0688
98 52.1849
99 52.2978
100 52.4076
101 52.5144
102 52.6181
103 52.7189
104 52.8166
105 52.9113
106 53.003
107 53.0918
108 53.1777
109 53.2606
110 53.3406
111 53.4177
112 53.4919
113 53.5632
114 53.6316
115 53.6972
116 53.76
117 53.8199
118 53.877
119 53.9313
120 53.9828
121 54.0314
122 54.0773
123 54.1204
124 54.1607
125 54.1983
126 54.233
127 54.265
128 54.2943
129 54.3208
130 54.3445
131 54.3655
132 54.3838
133 54.3993
134 54.4121
135 54.4222
136 54.4295
137 54.4341
138 54.4359
139 54.4351
140 54.4315
141 54.4251
142 54.4161
143 54.4043
144 54.3897
145 54.3724
146 54.3524
147 54.3297
148 54.3041
149 54.2759
150 54.2449
151 54.2111
152 54.1746
153 54.1352
154 54.0932
155 54.0483
156 54.0006
157 53.9502
158 53.8969
194 50.0004
195 49.8327
196 49.6614
197 49.4865
198 49.308
199 49.1258
200 48.9398
201 48.7502
202 48.5567
203 48.3593
204 48.1581
205 47.9529
206 47.7438
207 47.5305
208 47.3132
209 47.0917
210 46.866
211 46.6361
212 46.4017
213 46.163
214 45.9198
215 45.672
216 45.4197
217 45.1626
218 44.9007
219 44.634
220 44.3623
221 44.0855
222 43.8037
223 43.5165
224 43.2241
225 42.9261
226 42.6227
227 42.3135
228 41.9985
229 41.6775
230 41.3505
231 41.0172
232 40.6776
233 40.3314
234 39.9785
235 39.6187
236 39.2518
237 38.8776
238 38.4959
239 38.1065
240 37.7092
241 37.3036
242 36.8895
243 36.4667
244 36.0347
245 35.5934
246 35.1423
247 34.681
248 34.2092
249 33.7263
250 33.232
251 32.7256
252 32.2067
253 31.6746
254 31.1286
255 30.5681
256 29.992
257 29.3997
258 28.79
259 28.1618
260 27.5139
261 26.8448
262 26.1529
263 25.4364
264 24.6931
265 23.9205
266 23.1156
267 22.2751
268 21.3945
269 20.4689
270 19.4918
271 18.455
272 17.3478
273 16.1557
274 14.8584
275 13.4253