0 11.3575
1 13.0184
2 14.48
3 15.7977
4 17.0051
5 18.1242
6 19.1704
7 20.1551
8 21.087
9 21.9727
10 22.8177
11 23.6262
12 24.402
13 25.148
14 25.8669
15 26.5607
16 27.2316
17 27.881
18 28.5105
19 29.1214
20 29.7148
21 30.2917
22 30.8531
23 31.3997
24 31.9325
25 32.4519
26 32.9588
27 33.4535
28 33.9368
29 34.409
30 34.8706
31 35.322
32 35.7636
33 36.1957
34 36.6188
35 37.0331
36 37.4389
37 37.8364
38 38.226
39 38.6078
40 38.9822
41 39.3493
42 39.7092
43 40.0623
44 40.4087
45 40.7485
46 41.0819
47 41.4091
48 41.7303
49 42.0455
50 42.3549
51 42.6586
52 42.9567
53 43.2494
54 43.5368
55 43.8189
56 44.0959
57 44.3679
58 44.6349
59 44.8971
60 45.1545
61 45.4072
62 45.6553
63 45.8988
64 46.1379
65 46.3726
66 46.603
67 46.8291
68 47.051
69 47.2688
70 47.4825
71 47.6921
72 47.8978
73 48.0995
74 48.2974
75 48.4914
76 48.6816
77 48.8681
78 49.0509
79 49.2301
80 49.4056
81 49.5775
82 49.7459
83 49.9108
84 50.0722
85 50.2302
86 50.3848
87 50.536
88 50.6839
89 50.8284
90 50.9696
91 51.1076
92 51.2424
93 51.374
94 51.5023
95 51.6275
96 51.7496
97 51.8686
98 51.9844
99 52.0972
100 52.207
101 52.3137
102 52.4174
103 52.518
104 52.6158
105 52.7105
106 52.8023
107 52.8912
108 52.9771
109 53.0602
110 53.1403
111 53.2176
112 53.292
113 53.3636
114 53.4323
115 53.4982
116 53.5613
117 53.6216
118 53.679
119 53.7337
120 53.7856
121 53.8347
122 53.8811
123 53.9247
124 53.9655
125 54.0036
126 54.039
127 54.0716
128 54.1015
129 54.1286
130 54.1531
131 54.1748
132 54.1938
133 54.2101
134 54.2237
135 54.2346
136 54.2427
137 54.2482
138 54.251
139 54.251
140 54.2484
141 54.243
142 54.235
143 54.2242
144 54.2108
145 54.1946
146 54.1757
147 54.1541
148 54.1298
149 54.1028
150 54.073
151 54.0405
152 54.0053
153 53.9673
154 53.9266
155 53.8831
156 53.8369
192 50.2372
193 50.0794
194 49.9181
195 49.7534
196 49.5851
197 49.4133
198 49.238
199 49.059
200 48.8764
201 48.69
202 48.5
203 48.3061
204 48.1084
205 47.9069
206 47.7014
207 47.4919
208 47.2784
209 47.0608
210 46.8391
211 46.6132
212 46.383
213 46.1485
214 45.9096
215 45.6662
216 45.4184
217 45.1658
218 44.9087
219 44.6467
220 44.3799
221 44.1082
222 43.8314
223 43.5495
224 43.2624
225 42.9699
226 42.672
227 42.3685
228 42.0594
229 41.7445
230 41.4236
231 41.0967
232 40.7635
233 40.424
234 40.0779
235 39.7251
236 39.3655
237 38.9987
238 38.6247
239 38.2432
240 37.854
241 37.4568
242 37.0514
243 36.6375
244 36.2148
245 35.7831
246 35.3419
247 34.8909
248 34.4298
249 33.9581
250 33.4753
251 32.9811
252 32.4748
253 31.9559
254 31.4238
255 30.8778
256 30.3171
257 29.7409
258 29.1482
259 28.5382
260 27.9095
261 27.261
262 26.5912
263 25.8983
264 25.1807
265 24.4359
266 23.6615
267 22.8545
268 22.0113
269 21.1275
270 20.1978
271 19.2156
272 18.1723
273 17.0568
274 15.8538
275 14.5416
276 13.0873