0 11.476
1 13.1065
2 14.5456
3 15.8454
4 17.0379
5 18.1442
6 19.1793
7 20.1542
8 21.0771
9 21.9547
10 22.7922
11 23.5939
12 24.3632
13 25.1033
14 25.8165
15 26.505
16 27.1708
17 27.8155
18 28.4404
19 29.047
20 29.6362
21 30.2092
22 30.7668
23 31.3098
24 31.839
25 32.3551
26 32.8587
27 33.3503
28 33.8305
29 34.2998
30 34.7586
31 35.2072
32 35.6462
33 36.0758
34 36.4964
35 36.9083
36 37.3117
37 37.707
38 38.0944
39 38.4741
40 38.8464
41 39.2114
42 39.5695
43 39.9206
44 40.2652
45 40.6032
46 40.9349
47 41.2604
48 41.5799
49 41.8935
50 42.2014
51 42.5036
52 42.8003
53 43.0916
54 43.3776
55 43.6584
56 43.9341
57 44.2048
58 44.4706
59 44.7316
60 44.9878
61 45.2395
62 45.4865
63 45.729
64 45.9671
65 46.2008
66 46.4303
67 46.6555
68 46.8765
69 47.0934
70 47.3063
71 47.5152
72 47.7201
73 47.9211
74 48.1183
75 48.3116
76 48.5013
77 48.6872
78 48.8694
79 49.048
80 49.223
81 49.3944
82 49.5624
83 49.7268
84 49.8878
85 50.0454
86 50.1997
87 50.3505
88 50.4981
89 50.6423
90 50.7833
91 50.9211
92 51.0557
93 51.187
94 51.3152
95 51.4403
96 51.5623
97 51.6812
98 51.797
99 51.9097
100 52.0195
101 52.1262
102 52.2299
103 52.3307
104 52.4285
105 52.5233
106 52.6153
107 52.7043
108 52.7905
109 52.8737
110 52.9541
111 53.0316
112 53.1063
113 53.1782
114 53.2473
115 53.3135
116 53.3769
117 53.4376
118 53.4955
119 53.5506
120 53.603
121 53.6526
122 53.6995
123 53.7436
124 53.785
125 53.8237
126 53.8596
127 53.8929
128 53.9234
129 53.9513
130 53.9764
131 53.9989
132 54.0186
133 54.0357
134 54.0501
135 54.0618
136 54.0708
137 54.0772
138 54.0809
139 54.0818
140 54.0802
141 54.0758
142 54.0687
143 54.059
144 54.0466
145 54.0315
146 54.0137
147 53.9933
148 53.9701
149 53.9443
150 53.9157
151 53.8845
152 53.8505
153 53.8138
190 50.4598
191 50.3114
192 50.1596
193 50.0045
194 49.846
195 49.6841
196 49.5188
197 49.3499
198 49.1775
199 49.0016
200 48.822
201 48.6389
202 48.452
203 48.2614
204 48.0671
205 47.8689
206 47.6669
207 47.4609
208 47.251
209 47.0371
210 46.8191
211 46.597
212 46.3707
213 46.1401
214 45.9052
215 45.666
216 45.4223
217 45.1741
218 44.9212
219 44.6637
220 44.4015
221 44.1344
222 43.8624
223 43.5854
224 43.3032
225 43.0159
226 42.7232
227 42.4251
228 42.1214
229 41.812
230 41.4969
231 41.1758
232 40.8487
233 40.5154
234 40.1756
235 39.8294
236 39.4764
237 39.1166
238 38.7497
239 38.3755
240 37.9938
241 37.6043
242 37.2069
243 36.8013
244 36.3872
245 35.9643
246 35.5322
247 35.0908
248 34.6395
249 34.178
250 33.7059
251 33.2228
252 32.7281
253 32.2213
254 31.7018
255 31.169
256 30.6223
257 30.0608
258 29.4836
259 28.89
260 28.2787
261 27.6487
262 26.9987
263 26.3271
264 25.6323
265 24.9123
266 24.1648
267 23.3874
268 22.5767
269 21.7291
270 20.8402
271 19.9044
272 18.9147
273 17.8621
274 16.7349
275 15.5167
276 14.1841