0 21.737
1 24.7216
2 27.3545
3 29.7294
4 31.9039
5 33.9165
6 35.7947
7 37.5585
8 39.2234
9 40.8015
10 42.3025
11 43.7344
12 45.1037
13 46.4161
14 47.676
15 48.8878
16 50.0547
17 51.18
18 52.2663
19 53.3159
20 54.331
21 55.3136
22 56.2652
23 57.1875
24 58.0818
25 58.9495
26 59.7917
27 60.6093
28 61.4036
29 62.1752
30 62.9251
31 63.654
32 64.3626
33 65.0517
34 65.7217
35 66.3734
36 67.0071
37 67.6235
38 68.223
39 68.806
40 69.373
41 69.9244
42 70.4604
43 70.9815
44 71.488
45 71.9802
46 72.4584
47 72.9228
48 73.3738
49 73.8115
50 74.2362
51 74.6482
52 75.0476
53 75.4346
54 75.8095
55 76.1723
56 76.5233
57 76.8627
58 77.1906
59 77.5071
60 77.8124
61 78.1065
62 78.3898
63 78.6621
64 78.9238
65 79.1748
66 79.4152
67 79.6453
68 79.865
69 80.0744
70 80.2736
71 80.4628
72 80.6419
73 80.8111
74 80.9703
75 81.1197
76 81.2594
77 81.3892
78 81.5094
79 81.6199
80 81.7209
81 81.8122
82 81.894
83 81.9663
84 82.0291
85 82.0824
86 82.1263
87 82.1608
88 82.1858
89 82.2014
90 82.2076
91 82.2044
92 82.1918
93 82.1698
94 82.1383
95 82.0975
96 82.0471
97 81.9874
98 81.9181
99 81.8393
100 81.751
101 81.6532
102 81.5457
103 81.4286
104 81.3018
105 81.1653
106 81.019
107 80.8629
108 80.6969
109 80.521
110 80.335
111 80.139
112 79.9328
113 79.7164
114 79.4897
115 79.2525
116 79.0049
117 78.7467
118 78.4777
119 78.198
120 77.9073
121 77.6056
122 77.2927
123 76.9684
124 76.6328
125 76.2855
126 75.9264
127 75.5554
128 75.1722
129 74.7768
130 74.3689
131 73.9482
132 73.5147
133 73.068
134 72.6078
135 72.1341
136 71.6464
137 71.1445
138 70.6281
139 70.0968
140 69.5504
141 68.9884
142 68.4106
143 67.8164
144 67.2054
145 66.5772
146 65.9313
147 65.2672
148 64.5843
149 63.882
150 63.1596
151 62.4165
152 61.6519
153 60.8649
154 60.0548
155 59.2206
156 58.3612
157 57.4755
158 56.5622
159 55.6201
160 54.6476
161 53.643
162 52.6046
163 51.5303
164 50.4177
165 49.2643
166 48.0672
167 46.823
168 45.5279
169 44.1773
170 42.766
171 41.2878
172 39.7352
173 38.0991
174 36.3683
175 34.5285
176 32.5613
177 30.4419
178 28.136
179 25.5933