0 11.5236
1 13.1347
2 14.5589
3 15.8466
4 17.0289
5 18.1263
6 19.1536
7 20.1213
8 21.0378
9 21.9095
10 22.7415
11 23.538
12 24.3026
13 25.0381
14 25.747
15 26.4315
16 27.0935
17 27.7345
18 28.356
19 28.9591
20 29.5452
21 30.1151
22 30.6697
23 31.2099
24 31.7364
25 32.2498
26 32.7508
27 33.24
28 33.7178
29 34.1848
30 34.6413
31 35.0879
32 35.5247
33 35.9523
34 36.371
35 36.7809
36 37.1825
37 37.576
38 37.9617
39 38.3397
40 38.7103
41 39.0738
42 39.4303
43 39.78
44 40.123
45 40.4597
46 40.79
47 41.1142
48 41.4324
49 41.7448
50 42.0514
51 42.3524
52 42.648
53 42.9381
54 43.2231
55 43.5028
56 43.7775
57 44.0473
58 44.3121
59 44.5722
60 44.8276
61 45.0783
62 45.3245
63 45.5663
64 45.8036
65 46.0366
66 46.2653
67 46.4898
68 46.7102
69 46.9265
70 47.1388
71 47.3471
72 47.5514
73 47.7519
74 47.9486
75 48.1415
76 48.3306
77 48.5161
78 48.6979
79 48.8761
80 49.0508
81 49.2219
82 49.3895
83 49.5537
84 49.7145
85 49.8718
86 50.0258
87 50.1765
88 50.3239
89 50.468
90 50.6089
91 50.7465
92 50.881
93 51.0123
94 51.1405
95 51.2655
96 51.3875
97 51.5064
98 51.6223
99 51.7351
100 51.8449
101 51.9518
102 52.0556
103 52.1565
104 52.2545
105 52.3496
106 52.4417
107 52.531
108 52.6174
109 52.7009
110 52.7816
111 52.8595
112 52.9345
113 53.0067
114 53.0762
115 53.1428
116 53.2067
117 53.2678
118 53.3262
119 53.3818
120 53.4346
121 53.4848
122 53.5322
123 53.5769
124 53.6189
125 53.6582
126 53.6948
127 53.7287
128 53.7599
129 53.7885
130 53.8144
131 53.8376
132 53.8581
133 53.876
134 53.8912
135 53.9037
136 53.9136
137 53.9208
138 53.9254
139 53.9273
140 53.9266
141 53.9232
142 53.9171
143 53.9084
144 53.897
145 53.883
146 53.8663
147 53.847
148 53.8249
149 53.8002
150 53.7729
151 53.7428
187 50.8063
188 50.67
189 50.5306
190 50.3879
191 50.242
192 50.0927
193 49.9402
194 49.7843
195 49.6251
196 49.4624
197 49.2963
198 49.1268
199 48.9537
200 48.777
201 48.5968
202 48.413
203 48.2254
204 48.0342
205 47.8392
206 47.6404
207 47.4378
208 47.2312
209 47.0207
210 46.8062
211 46.5876
212 46.365
213 46.1381
214 45.907
215 45.6716
216 45.4318
217 45.1876
218 44.9388
219 44.6855
220 44.4275
221 44.1648
222 43.8972
223 43.6247
224 43.3472
225 43.0646
226 42.7767
227 42.4836
228 42.185
229 41.8808
230 41.571
231 41.2554
232 40.9339
233 40.6063
234 40.2724
235 39.9322
236 39.5855
237 39.232
238 38.8717
239 38.5042
240 38.1295
241 37.7472
242 37.3572
243 36.9592
244 36.553
245 36.1382
246 35.7146
247 35.2819
248 34.8397
249 34.3876
250 33.9253
251 33.4523
252 32.9682
253 32.4725
254 31.9646
255 31.444
256 30.9099
257 30.3618
258 29.7987
259 29.2199
260 28.6244
261 28.0112
262 27.379
263 26.7265
264 26.0521
265 25.3542
266 24.6307
267 23.8793
268 23.0973
269 22.2814
270 21.4278
271 20.5318
272 19.5876
273 18.5878
274 17.5229
275 16.3802
276 15.1421
277 13.7829