0 11.5025
1 13.1044
2 14.521
3 15.8022
4 16.9788
5 18.071
6 19.0935
7 20.0569
8 20.9694
9 21.8372
10 22.6656
11 23.4588
12 24.2201
13 24.9526
14 25.6586
15 26.3404
16 26.9996
17 27.6381
18 28.2571
19 28.8579
20 29.4417
21 30.0094
22 30.5619
23 31.1
24 31.6245
25 32.136
26 32.6352
27 33.1226
28 33.5987
29 34.064
30 34.5189
31 34.9638
32 35.3991
33 35.8252
34 36.2424
35 36.651
36 37.0512
37 37.4434
38 37.8277
39 38.2045
40 38.5739
41 38.9362
42 39.2916
43 39.6401
44 39.9821
45 40.3177
46 40.647
47 40.9703
48 41.2875
49 41.5989
50 41.9047
51 42.2048
52 42.4996
53 42.7889
54 43.0731
55 43.3521
56 43.626
57 43.8951
58 44.1592
59 44.4187
60 44.6734
61 44.9236
62 45.1692
63 45.4104
64 45.6472
65 45.8796
66 46.1079
67 46.3319
68 46.5519
69 46.7677
70 46.9796
71 47.1875
72 47.3915
73 47.5917
74 47.788
75 47.9806
76 48.1695
77 48.3547
78 48.5363
79 48.7143
80 48.8888
81 49.0597
82 49.2272
83 49.3912
84 49.5518
85 49.7091
86 49.863
87 50.0137
88 50.161
89 50.3051
90 50.446
91 50.5836
92 50.7182
93 50.8495
94 50.9778
95 51.1029
96 51.225
97 51.344
98 51.4601
99 51.573
100 51.6831
101 51.7901
102 51.8942
103 51.9953
104 52.0936
105 52.1889
106 52.2813
107 52.3709
108 52.4577
109 52.5415
110 52.6226
111 52.7008
112 52.7763
113 52.849
114 52.9188
115 52.9859
116 53.0503
117 53.1119
118 53.1708
119 53.2269
120 53.2804
121 53.3311
122 53.3791
123 53.4244
124 53.467
125 53.507
126 53.5442
127 53.5788
128 53.6108
129 53.6401
130 53.6667
131 53.6906
132 53.712
133 53.7306
134 53.7466
135 53.76
136 53.7708
137 53.7789
138 53.7844
139 53.7872
140 53.7874
141 53.785
142 53.7799
143 53.7722
144 53.7619
145 53.7489
146 53.7333
147 53.715
148 53.6941
185 50.9973
186 50.8696
187 50.7387
188 50.6046
189 50.4675
190 50.3271
191 50.1835
192 50.0367
193 49.8865
194 49.7331
195 49.5764
196 49.4163
197 49.2528
198 49.0858
199 48.9154
200 48.7415
201 48.5641
202 48.383
203 48.1984
204 48.0101
205 47.818
206 47.6223
207 47.4227
208 47.2193
209 47.012
210 46.8008
211 46.5855
212 46.3662
213 46.1428
214 45.9152
215 45.6834
216 45.4473
217 45.2068
218 44.9618
219 44.7124
220 44.4584
221 44.1997
222 43.9362
223 43.6679
224 43.3947
225 43.1165
226 42.8332
227 42.5446
228 42.2508
229 41.9514
230 41.6466
231 41.336
232 41.0197
233 40.6974
234 40.369
235 40.0344
236 39.6934
237 39.3459
238 38.9916
239 38.6304
240 38.2621
241 37.8865
242 37.5033
243 37.1123
244 36.7134
245 36.3061
246 35.8903
247 35.4656
248 35.0317
249 34.5883
250 34.1349
251 33.6713
252 33.1969
253 32.7113
254 32.214
255 31.7044
256 31.182
257 30.646
258 30.0957
259 29.5305
260 28.9493
261 28.3511
262 27.735
263 27.0997
264 26.4437
265 25.7656
266 25.0634
267 24.3352
268 23.5785
269 22.7905
270 21.9678
271 21.1063
272 20.2011
273 19.2461
274 18.2334
275 17.1527
276 15.9904
277 14.727
278 13.3339