0 11.4134
1 13.0161
2 14.4323
3 15.7126
4 16.8878
5 17.9785
6 18.9994
7 19.9611
8 20.8719
9 21.738
10 22.5648
11 23.3563
12 24.116
13 24.8468
14 25.5513
15 26.2315
16 26.8893
17 27.5262
18 28.1438
19 28.7432
20 29.3256
21 29.892
22 30.4432
23 30.9801
24 31.5033
25 32.0137
26 32.5117
27 32.9979
28 33.4729
29 33.9371
30 34.3909
31 34.8348
32 35.2692
33 35.6943
34 36.1105
35 36.5182
36 36.9175
37 37.3088
38 37.6924
39 38.0683
40 38.437
41 38.7985
42 39.1531
43 39.5009
44 39.8422
45 40.1771
46 40.5058
47 40.8284
48 41.145
49 41.4559
50 41.7611
51 42.0607
52 42.3548
53 42.6437
54 42.9274
55 43.2059
56 43.4794
57 43.748
58 44.0118
59 44.2708
60 44.5252
61 44.775
62 45.0202
63 45.2611
64 45.4976
65 45.7298
66 45.9578
67 46.1816
68 46.4013
69 46.6169
70 46.8286
71 47.0363
72 47.2402
73 47.4402
74 47.6364
75 47.8289
76 48.0176
77 48.2028
78 48.3843
79 48.5622
80 48.7367
81 48.9076
82 49.0751
83 49.2391
84 49.3998
85 49.5571
86 49.7111
87 49.8618
88 50.0092
89 50.1534
90 50.2944
91 50.4322
92 50.5669
93 50.6985
94 50.8269
95 50.9523
96 51.0746
97 51.1938
98 51.3101
99 51.4234
100 51.5336
101 51.641
102 51.7454
103 51.8469
104 51.9454
105 52.0411
106 52.134
107 52.2239
108 52.3111
109 52.3954
110 52.4769
111 52.5556
112 52.6315
113 52.7047
114 52.775
115 52.8427
116 52.9076
117 52.9697
118 53.0292
119 53.0859
120 53.1399
121 53.1913
122 53.2399
123 53.2859
124 53.3292
125 53.3698
126 53.4078
127 53.4431
128 53.4758
129 53.5058
130 53.5332
131 53.5579
132 53.58
133 53.5995
134 53.6164
135 53.6306
136 53.6422
137 53.6512
138 53.6576
139 53.6614
140 53.6625
141 53.6611
142 53.657
143 53.6503
144 53.641
145 53.629
146 53.6145
182 51.2961
183 51.1794
184 51.0598
185 50.9371
186 50.8114
187 50.6826
188 50.5507
189 50.4156
190 50.2774
191 50.136
192 49.9914
193 49.8436
194 49.6925
195 49.5381
196 49.3804
197 49.2193
198 49.0548
199 48.8869
200 48.7156
201 48.5407
202 48.3623
203 48.1804
204 47.9948
205 47.8056
206 47.6126
207 47.416
208 47.2155
209 47.0112
210 46.803
211 46.5908
212 46.3747
213 46.1545
214 45.9302
215 45.7017
216 45.469
217 45.232
218 44.9906
219 44.7447
220 44.4944
221 44.2395
222 43.9799
223 43.7155
224 43.4463
225 43.1722
226 42.893
227 42.6088
228 42.3193
229 42.0244
230 41.7241
231 41.4183
232 41.1067
233 40.7894
234 40.4661
235 40.1366
236 39.801
237 39.4589
238 39.1102
239 38.7548
240 38.3924
241 38.0229
242 37.646
243 37.2615
244 36.8693
245 36.4689
246 36.0602
247 35.6429
248 35.2167
249 34.7812
250 34.3361
251 33.881
252 33.4155
253 32.9392
254 32.4516
255 31.9521
256 31.4402
257 30.9153
258 30.3767
259 29.8237
260 29.2555
261 28.6711
262 28.0695
263 27.4496
264 26.8102
265 26.1497
266 25.4667
267 24.7591
268 24.0249
269 23.2615
270 22.4659
271 21.6346
272 20.7633
273 19.8467
274 18.8782
275 17.8495
276 16.7493
277 15.5625
278 14.2676
279 12.8319