0 11.2553
1 12.8692
2 14.2924
3 15.5772
4 16.7555
5 17.8485
6 18.8709
7 19.8336
8 20.7451
9 21.6117
10 22.4386
11 23.2302
12 23.9899
13 24.7206
14 25.4248
15 26.1047
16 26.7621
17 27.3987
18 28.0159
19 28.6149
20 29.1968
21 29.7627
22 30.3135
23 30.8498
24 31.3726
25 31.8825
26 32.38
27 32.8658
28 33.3403
29 33.804
30 34.2574
31 34.7008
32 35.1347
33 35.5594
34 35.9752
35 36.3824
36 36.7814
37 37.1723
38 37.5554
39 37.931
40 38.2993
41 38.6604
42 39.0147
43 39.3622
44 39.7032
45 40.0378
46 40.3661
47 40.6884
48 41.0048
49 41.3154
50 41.6203
51 41.9197
52 42.2136
53 42.5023
54 42.7857
55 43.0641
56 43.3374
57 43.6058
58 43.8695
59 44.1284
60 44.3826
61 44.6323
62 44.8775
63 45.1182
64 45.3547
65 45.5868
66 45.8147
67 46.0385
68 46.2582
69 46.4738
70 46.6855
71 46.8932
72 47.0971
73 47.2971
74 47.4934
75 47.686
76 47.8748
77 48.06
78 48.2417
79 48.4197
80 48.5943
81 48.7653
82 48.933
83 49.0972
84 49.258
85 49.4155
86 49.5697
87 49.7206
88 49.8683
89 50.0128
90 50.154
91 50.2921
92 50.427
93 50.5589
94 50.6876
95 50.8133
96 50.9359
97 51.0555
98 51.1722
99 51.2858
100 51.3965
101 51.5042
102 51.609
103 51.7109
104 51.8099
105 51.9061
106 51.9993
107 52.0898
108 52.1774
109 52.2622
110 52.3442
111 52.4235
112 52.4999
113 52.5736
114 52.6446
115 52.7128
116 52.7783
117 52.841
118 52.9011
119 52.9585
120 53.0131
121 53.0651
122 53.1145
123 53.1611
124 53.2051
125 53.2465
126 53.2852
127 53.3212
128 53.3547
129 53.3855
130 53.4137
131 53.4392
132 53.4622
133 53.4825
134 53.5002
135 53.5153
136 53.5278
137 53.5377
138 53.545
139 53.5497
140 53.5518
141 53.5513
142 53.5482
143 53.5425
180 51.4628
181 51.3539
182 51.2421
183 51.1273
184 51.0095
185 50.8887
186 50.7649
187 50.6381
188 50.5081
189 50.3751
190 50.2389
191 50.0996
192 49.9571
193 49.8114
194 49.6625
195 49.5103
196 49.3548
197 49.196
198 49.0339
199 48.8684
200 48.6994
201 48.527
202 48.3511
203 48.1716
204 47.9886
205 47.802
206 47.6117
207 47.4177
208 47.22
209 47.0185
210 46.8131
211 46.6039
212 46.3906
213 46.1734
214 45.9522
215 45.7268
216 45.4973
217 45.2635
218 45.0254
219 44.7829
220 44.536
221 44.2845
222 44.0285
223 43.7678
224 43.5023
225 43.232
226 42.9567
227 42.6764
228 42.3909
229 42.1002
230 41.8042
231 41.5027
232 41.1956
233 40.8828
234 40.5641
235 40.2395
236 39.9087
237 39.5717
238 39.2282
239 38.8781
240 38.5212
241 38.1573
242 37.7862
243 37.4077
244 37.0216
245 36.6276
246 36.2255
247 35.815
248 35.3958
249 34.9676
250 34.53
251 34.0827
252 33.6254
253 33.1575
254 32.6787
255 32.1885
256 31.6862
257 31.1714
258 30.6435
259 30.1016
260 29.5451
261 28.9731
262 28.3846
263 27.7787
264 27.1542
265 26.5097
266 25.8437
267 25.1546
268 24.4404
269 23.6988
270 22.9272
271 22.1223
272 21.2805
273 20.3972
274 19.4667
275 18.4819
276 17.4337
277 16.3096
278 15.093
279 13.7591