0 11.0256
1 12.6618
2 14.0998
3 15.3951
4 16.5812
5 17.6802
6 18.7074
7 19.6739
8 20.5885
9 21.4577
10 22.2868
11 23.0802
12 23.8414
13 24.5734
14 25.2788
15 25.9597
16 26.6179
17 27.2553
18 27.873
19 28.4726
20 29.055
21 29.6213
22 30.1724
23 30.7091
24 31.2321
25 31.7422
26 32.24
27 32.7259
28 33.2006
29 33.6644
30 34.1179
31 34.5615
32 34.9955
33 35.4203
34 35.8361
35 36.2434
36 36.6424
37 37.0334
38 37.4166
39 37.7922
40 38.1605
41 38.5217
42 38.876
43 39.2236
44 39.5646
45 39.8993
46 40.2277
47 40.5501
48 40.8665
49 41.1772
50 41.4821
51 41.7816
52 42.0756
53 42.3644
54 42.6479
55 42.9263
56 43.1998
57 43.4683
58 43.7321
59 43.9911
60 44.2455
61 44.4953
62 44.7406
63 44.9815
64 45.2181
65 45.4504
66 45.6785
67 45.9025
68 46.1223
69 46.3382
70 46.55
71 46.758
72 46.9621
73 47.1624
74 47.3589
75 47.5517
76 47.7408
77 47.9263
78 48.1082
79 48.2865
80 48.4613
81 48.6327
82 48.8006
83 48.9652
84 49.1264
85 49.2842
86 49.4387
87 49.59
88 49.738
89 49.8828
90 50.0245
91 50.163
92 50.2983
93 50.4306
94 50.5597
95 50.6858
96 50.8089
97 50.929
98 51.046
99 51.1601
100 51.2713
101 51.3795
102 51.4848
103 51.5872
104 51.6868
105 51.7835
106 51.8773
107 51.9683
108 52.0565
109 52.1419
110 52.2245
111 52.3043
112 52.3814
113 52.4557
114 52.5272
115 52.5961
116 52.6622
117 52.7257
118 52.7864
119 52.8445
120 52.8998
121 52.9526
122 53.0026
123 53.05
124 53.0947
125 53.1368
126 53.1763
127 53.2132
128 53.2474
129 53.279
130 53.308
131 53.3344
132 53.3582
133 53.3794
134 53.398
135 53.414
136 53.4274
137 53.4382
138 53.4464
139 53.452
140 53.4551
141 53.4555
177 51.7217
178 51.6231
179 51.5218
180 51.4175
181 51.3103
182 51.2002
183 51.0872
184 50.9711
185 50.8522
186 50.7302
187 50.6051
188 50.4771
189 50.3459
190 50.2117
191 50.0743
192 49.9338
193 49.7901
194 49.6433
195 49.4932
196 49.3398
197 49.1831
198 49.0232
199 48.8598
200 48.6931
201 48.523
202 48.3494
203 48.1723
204 47.9917
205 47.8075
206 47.6197
207 47.4282
208 47.233
209 47.0341
210 46.8314
211 46.6248
212 46.4143
213 46.1999
214 45.9815
215 45.759
216 45.5324
217 45.3016
218 45.0666
219 44.8272
220 44.5835
221 44.3353
222 44.0825
223 43.8252
224 43.5631
225 43.2963
226 43.0246
227 42.748
228 42.4663
229 42.1794
230 41.8873
231 41.5898
232 41.2868
233 40.9782
234 40.6638
235 40.3436
236 40.0174
237 39.6849
238 39.3462
239 39.001
240 38.6491
241 38.2904
242 37.9246
243 37.5516
244 37.1712
245 36.783
246 36.3869
247 35.9826
248 35.5699
249 35.1483
250 34.7177
251 34.2776
252 33.8277
253 33.3675
254 32.8968
255 32.4149
256 31.9215
257 31.4159
258 30.8975
259 30.3658
260 29.8199
261 29.2592
262 28.6826
263 28.0893
264 27.4782
265 26.848
266 26.1974
267 25.5248
268 24.8284
269 24.1062
270 23.3557
271 22.5742
272 21.7583
273 20.904
274 20.0063
275 19.0592
276 18.0548
277 16.983
278 15.8301
279 14.5769
280 13.1949