0 12.3909
1 13.8522
2 15.1644
3 16.3634
4 17.4724
5 18.5077
6 19.4811
7 20.4013
8 21.2753
9 22.1086
10 22.9056
11 23.67
12 24.4048
13 25.1127
14 25.7959
15 26.4562
16 27.0953
17 27.7148
18 28.3159
19 28.8997
20 29.4673
21 30.0196
22 30.5574
23 31.0815
24 31.5925
25 32.0912
26 32.578
27 33.0534
28 33.518
29 33.9723
30 34.4165
31 34.8511
32 35.2765
33 35.693
34 36.1008
35 36.5004
36 36.8919
37 37.2756
38 37.6517
39 38.0205
40 38.3822
41 38.7369
42 39.0849
43 39.4264
44 39.7615
45 40.0903
46 40.4131
47 40.7299
48 41.041
49 41.3463
50 41.6462
51 41.9406
52 42.2297
53 42.5137
54 42.7925
55 43.0663
56 43.3352
57 43.5994
58 43.8588
59 44.1135
60 44.3637
61 44.6094
62 44.8507
63 45.0877
64 45.3204
65 45.5489
66 45.7732
67 45.9935
68 46.2098
69 46.422
70 46.6304
71 46.8349
72 47.0356
73 47.2325
74 47.4258
75 47.6153
76 47.8012
77 47.9836
78 48.1624
79 48.3377
80 48.5095
81 48.6779
82 48.8429
83 49.0045
84 49.1628
85 49.3179
86 49.4696
87 49.6182
88 49.7635
89 49.9056
90 50.0446
91 50.1805
92 50.3133
93 50.443
94 50.5696
95 50.6933
96 50.8139
97 50.9315
98 51.0462
99 51.158
100 51.2668
101 51.3727
102 51.4757
103 51.5758
104 51.6731
105 51.7676
106 51.8592
107 51.9481
108 52.0341
109 52.1174
110 52.1979
111 52.2756
112 52.3506
113 52.4229
114 52.4924
115 52.5593
116 52.6235
117 52.6849
118 52.7437
119 52.7998
120 52.8533
121 52.9041
122 52.9523
123 52.9978
124 53.0407
125 53.081
126 53.1187
127 53.1538
128 53.1862
129 53.2161
130 53.2433
131 53.268
132 53.29
133 53.3095
134 53.3264
135 53.3407
136 53.3525
137 53.3616
138 53.3682
174 51.8695
175 51.7782
176 51.684
177 51.5871
178 51.4873
179 51.3846
180 51.279
181 51.1705
182 51.0591
183 50.9448
184 50.8275
185 50.7072
186 50.5839
187 50.4576
188 50.3282
189 50.1958
190 50.0603
191 49.9216
192 49.7799
193 49.6349
194 49.4867
195 49.3353
196 49.1807
197 49.0227
198 48.8615
199 48.6969
200 48.5289
201 48.3574
202 48.1825
203 48.0041
204 47.8222
205 47.6367
206 47.4475
207 47.2548
208 47.0582
209 46.858
210 46.6539
211 46.446
212 46.2342
213 46.0184
214 45.7986
215 45.5747
216 45.3467
217 45.1145
218 44.878
219 44.6372
220 44.392
221 44.1423
222 43.888
223 43.6292
224 43.3656
225 43.0972
226 42.8239
227 42.5457
228 42.2624
229 41.9738
230 41.68
231 41.3808
232 41.0761
233 40.7657
234 40.4495
235 40.1274
236 39.7993
237 39.4649
238 39.1242
239 38.7769
240 38.4229
241 38.0621
242 37.6941
243 37.3188
244 36.936
245 36.5454
246 36.1468
247 35.7399
248 35.3244
249 34.9001
250 34.4665
251 34.0234
252 33.5703
253 33.1069
254 32.6327
255 32.1473
256 31.65
257 31.1404
258 30.6178
259 30.0816
260 29.531
261 28.9652
262 28.3833
263 27.7842
264 27.1669
265 26.5301
266 25.8723
267 25.1918
268 24.4869
269 23.7552
270 22.9944
271 22.2012
272 21.3723
273 20.5032
274 19.5885
275 18.6216
276 17.5939
277 16.494
278 15.3063
279 14.0085
280 12.5666