0 12.0516
1 13.5463
2 14.8825
3 16.0998
4 17.2233
5 18.2705
6 19.2536
7 20.1822
8 21.0635
9 21.903
10 22.7056
11 23.4748
12 24.2141
13 24.9259
14 25.6126
15 26.2762
16 26.9184
17 27.5406
18 28.1442
19 28.7304
20 29.3002
21 29.8546
22 30.3943
23 30.9202
24 31.433
25 31.9332
26 32.4215
27 32.8984
28 33.3644
29 33.82
30 34.2655
31 34.7013
32 35.1278
33 35.5454
34 35.9543
35 36.3549
36 36.7474
37 37.132
38 37.5091
39 37.8788
40 38.2414
41 38.597
42 38.9458
43 39.2881
44 39.624
45 39.9536
46 40.2771
47 40.5947
48 40.9065
49 41.2126
50 41.5131
51 41.8083
52 42.0981
53 42.3827
54 42.6622
55 42.9367
56 43.2063
57 43.471
58 43.7311
59 43.9865
60 44.2373
61 44.4837
62 44.7256
63 44.9632
64 45.1965
65 45.4256
66 45.6506
67 45.8715
68 46.0883
69 46.3012
70 46.5102
71 46.7153
72 46.9166
73 47.1142
74 47.308
75 47.4982
76 47.6847
77 47.8676
78 48.0471
79 48.223
80 48.3954
81 48.5644
82 48.7301
83 48.8923
84 49.0513
85 49.2069
86 49.3593
87 49.5085
88 49.6545
89 49.7973
90 49.9369
91 50.0734
92 50.2069
93 50.3372
94 50.4645
95 50.5888
96 50.7101
97 50.8284
98 50.9438
99 51.0562
100 51.1657
101 51.2723
102 51.376
103 51.4769
104 51.5749
105 51.6701
106 51.7624
107 51.852
108 51.9388
109 52.0228
110 52.104
111 52.1825
112 52.2583
113 52.3313
114 52.4016
115 52.4693
116 52.5342
117 52.5965
118 52.6561
119 52.713
120 52.7673
121 52.8189
122 52.8679
123 52.9143
124 52.958
125 52.9992
126 53.0377
127 53.0736
128 53.1069
129 53.1377
130 53.1658
131 53.1914
132 53.2143
133 53.2347
134 53.2526
135 53.2678
171 52.0946
172 52.0131
173 51.9287
174 51.8416
175 51.7517
176 51.6591
177 51.5635
178 51.4652
179 51.364
180 51.26
181 51.153
182 51.0432
183 50.9304
184 50.8147
185 50.696
186 50.5744
187 50.4497
188 50.3221
189 50.1913
190 50.0575
191 49.9207
192 49.7806
193 49.6375
194 49.4911
195 49.3416
196 49.1888
197 49.0328
198 48.8734
199 48.7108
200 48.5448
201 48.3753
202 48.2025
203 48.0262
204 47.8463
205 47.663
206 47.476
207 47.2854
208 47.0911
209 46.8932
210 46.6914
211 46.4858
212 46.2764
213 46.063
214 45.8457
215 45.6244
216 45.3989
217 45.1693
218 44.9355
219 44.6974
220 44.4549
221 44.2081
222 43.9567
223 43.7008
224 43.4402
225 43.1748
226 42.9047
227 42.6296
228 42.3495
229 42.0643
230 41.7739
231 41.4781
232 41.1769
233 40.8701
234 40.5577
235 40.2394
236 39.9152
237 39.5848
238 39.2482
239 38.9052
240 38.5555
241 38.1991
242 37.8357
243 37.4652
244 37.0872
245 36.7017
246 36.3083
247 35.9067
248 35.4968
249 35.0782
250 34.6506
251 34.2136
252 33.767
253 33.3102
254 32.843
255 32.3647
256 31.8751
257 31.3734
258 30.8591
259 30.3316
260 29.7902
261 29.2341
262 28.6624
263 28.0742
264 27.4685
265 26.844
266 26.1994
267 25.5332
268 24.8436
269 24.1287
270 23.3861
271 22.6131
272 21.8064
273 20.9622
274 20.0757
275 19.1411
276 18.151
277 17.0956
278 15.962
279 14.7323
280 13.3799