0 11.6374
1 13.1773
2 14.5458
3 15.7876
4 16.9306
5 17.9935
6 18.99
7 19.9298
8 20.8207
9 21.6688
10 22.4789
11 23.2549
12 24.0001
13 24.7174
14 25.4091
15 26.0772
16 26.7236
17 27.3497
18 27.9569
19 28.5465
20 29.1194
21 29.6767
22 30.2192
23 30.7477
24 31.2629
25 31.7655
26 32.2561
27 32.7351
28 33.2031
29 33.6606
30 34.1079
31 34.5455
32 34.9738
33 35.393
34 35.8035
35 36.2056
36 36.5995
37 36.9856
38 37.3641
39 37.7351
40 38.099
41 38.4558
42 38.8059
43 39.1494
44 39.4864
45 39.8172
46 40.1418
47 40.4605
48 40.7734
49 41.0805
50 41.3821
51 41.6783
52 41.9691
53 42.2547
54 42.5351
55 42.8106
56 43.0811
57 43.3468
58 43.6077
59 43.864
60 44.1158
61 44.363
62 44.6058
63 44.8443
64 45.0784
65 45.3084
66 45.5342
67 45.7559
68 45.9736
69 46.1873
70 46.3971
71 46.603
72 46.8051
73 47.0035
74 47.1981
75 47.3891
76 47.5764
77 47.7602
78 47.9404
79 48.117
80 48.2903
81 48.4601
82 48.6265
83 48.7895
84 48.9493
85 49.1057
86 49.2589
87 49.4088
88 49.5556
89 49.6991
90 49.8396
91 49.9769
92 50.1111
93 50.2422
94 50.3703
95 50.4954
96 50.6175
97 50.7366
98 50.8527
99 50.9659
100 51.0762
101 51.1836
102 51.2881
103 51.3898
104 51.4886
105 51.5846
106 51.6778
107 51.7681
108 51.8557
109 51.9405
110 52.0226
111 52.1019
112 52.1785
113 52.2524
114 52.3236
115 52.392
116 52.4578
117 52.5209
118 52.5814
119 52.6392
120 52.6943
121 52.7468
122 52.7967
123 52.8439
124 52.8886
125 52.9306
126 52.97
127 53.0068
128 53.0411
129 53.0727
130 53.1018
131 53.1283
132 53.1522
133 53.1735
169 52.2278
170 52.153
171 52.0755
172 51.9953
173 51.9123
174 51.8265
175 51.738
176 51.6467
177 51.5526
178 51.4556
179 51.3559
180 51.2533
181 51.1478
182 51.0394
183 50.9281
184 50.8139
185 50.6968
186 50.5767
187 50.4536
188 50.3275
189 50.1984
190 50.0662
191 49.931
192 49.7926
193 49.6511
194 49.5065
195 49.3587
196 49.2077
197 49.0534
198 48.8958
199 48.735
200 48.5708
201 48.4033
202 48.2323
203 48.0579
204 47.8801
205 47.6987
206 47.5137
207 47.3252
208 47.133
209 46.9371
210 46.7375
211 46.5341
212 46.3269
213 46.1158
214 45.9007
215 45.6817
216 45.4586
217 45.2314
218 45.0
219 44.7644
220 44.5245
221 44.2802
222 44.0315
223 43.7782
224 43.5204
225 43.2578
226 42.9905
227 42.7184
228 42.4412
229 42.1591
230 41.8717
231 41.5791
232 41.2812
233 40.9777
234 40.6687
235 40.3539
236 40.0332
237 39.7065
238 39.3736
239 39.0344
240 38.6888
241 38.3364
242 37.9772
243 37.611
244 37.2374
245 36.8565
246 36.4678
247 36.0711
248 35.6662
249 35.2528
250 34.8306
251 34.3992
252 33.9584
253 33.5077
254 33.0467
255 32.575
256 32.0922
257 31.5976
258 31.0909
259 30.5713
260 30.0381
261 29.4907
262 28.9283
263 28.3498
264 27.7545
265 27.141
266 26.5083
267 25.8548
268 25.1789
269 24.4788
270 23.7524
271 22.9971
272 22.2101
273 21.3877
274 20.5258
275 19.6191
276 18.6612
277 17.6436
278 16.5554
279 15.3816
280 14.1009
281 12.6808