0 11.1385
1 12.7386
2 14.1494
3 15.423
4 16.591
5 17.6743
6 18.6877
7 19.642
8 20.5454
9 21.4044
10 22.2241
11 23.0087
12 23.7617
13 24.4861
14 25.1842
15 25.8583
16 26.5101
17 27.1412
18 27.7531
19 28.3471
20 28.9241
21 29.4853
22 30.0314
23 30.5634
24 31.0818
25 31.5875
26 32.081
27 32.5628
28 33.0335
29 33.4935
30 33.9433
31 34.3833
32 34.8138
33 35.2352
34 35.6478
35 36.0519
36 36.4479
37 36.8358
38 37.2161
39 37.5889
40 37.9545
41 38.3131
42 38.6648
43 39.0099
44 39.3485
45 39.6808
46 40.0069
47 40.3271
48 40.6413
49 40.9499
50 41.2528
51 41.5503
52 41.8424
53 42.1293
54 42.411
55 42.6877
56 42.9594
57 43.2263
58 43.4885
59 43.7459
60 43.9988
61 44.2472
62 44.4911
63 44.7306
64 44.9659
65 45.1969
66 45.4238
67 45.6466
68 45.8653
69 46.0801
70 46.2909
71 46.4978
72 46.7009
73 46.9003
74 47.0959
75 47.2878
76 47.4761
77 47.6609
78 47.842
79 48.0197
80 48.1938
81 48.3646
82 48.5319
83 48.6959
84 48.8566
85 49.0139
86 49.168
87 49.3189
88 49.4666
89 49.611
90 49.7524
91 49.8906
92 50.0257
93 50.1578
94 50.2868
95 50.4128
96 50.5357
97 50.6557
98 50.7728
99 50.8869
100 50.9981
101 51.1064
102 51.2118
103 51.3143
104 51.414
105 51.5109
106 51.605
107 51.6963
108 51.7847
109 51.8705
110 51.9534
111 52.0337
112 52.1112
113 52.1859
114 52.258
115 52.3274
116 52.3941
117 52.4581
118 52.5195
119 52.5782
120 52.6343
121 52.6877
122 52.7385
123 52.7867
124 52.8323
125 52.8752
126 52.9156
127 52.9533
128 52.9885
129 53.0211
130 53.0511
167 52.3582
168 52.29
169 52.2192
170 52.1456
171 52.0694
172 51.9904
173 51.9087
174 51.8242
175 51.737
176 51.647
177 51.5542
178 51.4586
179 51.3602
180 51.259
181 51.1549
182 51.0479
183 50.938
184 50.8252
185 50.7095
186 50.5909
187 50.4693
188 50.3447
189 50.217
190 50.0864
191 49.9527
192 49.8159
193 49.676
194 49.5329
195 49.3867
196 49.2373
197 49.0847
198 48.9288
199 48.7697
200 48.6072
201 48.4414
202 48.2722
203 48.0996
204 47.9236
205 47.744
206 47.5609
207 47.3743
208 47.184
209 46.9901
210 46.7924
211 46.591
212 46.3858
213 46.1768
214 45.9638
215 45.7469
216 45.526
217 45.301
218 45.0719
219 44.8386
220 44.601
221 44.3591
222 44.1127
223 43.8619
224 43.6066
225 43.3466
226 43.0819
227 42.8124
228 42.5379
229 42.2585
230 41.974
231 41.6843
232 41.3893
233 41.0889
234 40.7829
235 40.4713
236 40.1538
237 39.8304
238 39.501
239 39.1653
240 38.8232
241 38.4745
242 38.1191
243 37.7567
244 37.3873
245 37.0104
246 36.626
247 36.2337
248 35.8334
249 35.4247
250 35.0073
251 34.581
252 34.1454
253 33.7001
254 33.2448
255 32.7791
256 32.3024
257 31.8143
258 31.3143
259 30.8017
260 30.276
261 29.7364
262 29.1822
263 28.6126
264 28.0265
265 27.4229
266 26.8007
267 26.1585
268 25.4948
269 24.808
270 24.0959
271 23.3563
272 22.5864
273 21.7832
274 20.9427
275 20.0603
276 19.1302
277 18.1449
278 17.0951
279 15.968
280 14.7457
281 13.4025