0 12.2214
1 13.6869
2 15.0011
3 16.2006
4 17.3095
5 18.344
6 19.3163
7 20.2352
8 21.1077
9 21.9394
10 22.7348
11 23.4975
12 24.2306
13 24.9367
14 25.6181
15 26.2767
16 26.9141
17 27.5319
18 28.1313
19 28.7134
20 29.2794
21 29.8301
22 30.3663
23 30.8889
24 31.3984
25 31.8956
26 32.3809
27 32.855
28 33.3182
29 33.7711
30 34.214
31 34.6474
32 35.0715
33 35.4868
34 35.8934
35 36.2918
36 36.6822
37 37.0648
38 37.4399
39 37.8076
40 38.1683
41 38.5221
42 38.8692
43 39.2097
44 39.5439
45 39.8719
46 40.1939
47 40.5099
48 40.8202
49 41.1248
50 41.424
51 41.7177
52 42.0062
53 42.2895
54 42.5677
55 42.8409
56 43.1093
57 43.3729
58 43.6318
59 43.8861
60 44.1358
61 44.3811
62 44.622
63 44.8586
64 45.091
65 45.3192
66 45.5432
67 45.7632
68 45.9792
69 46.1912
70 46.3994
71 46.6037
72 46.8043
73 47.0011
74 47.1942
75 47.3836
76 47.5695
77 47.7518
78 47.9306
79 48.1059
80 48.2777
81 48.4462
82 48.6113
83 48.773
84 48.9315
85 49.0866
86 49.2386
87 49.3873
88 49.5328
89 49.6752
90 49.8145
91 49.9506
92 50.0837
93 50.2137
94 50.3407
95 50.4647
96 50.5857
97 50.7038
98 50.8189
99 50.9311
100 51.0404
101 51.1468
102 51.2504
103 51.3511
104 51.4489
105 51.544
106 51.6363
107 51.7257
108 51.8124
109 51.8964
110 51.9776
111 52.0561
112 52.1318
113 52.2049
114 52.2753
115 52.3429
116 52.4079
117 52.4703
118 52.53
119 52.587
120 52.6414
121 52.6932
122 52.7424
123 52.789
124 52.8329
125 52.8743
126 52.913
127 52.9492
163 52.5452
164 52.4862
165 52.4246
166 52.3603
167 52.2933
168 52.2237
169 52.1513
170 52.0763
171 51.9985
172 51.918
173 51.8348
174 51.7488
175 51.66
176 51.5685
177 51.4742
178 51.3771
179 51.2771
180 51.1743
181 51.0687
182 50.9601
183 50.8487
184 50.7343
185 50.6171
186 50.4968
187 50.3736
188 50.2474
189 50.1182
190 49.9859
191 49.8505
192 49.7121
193 49.5705
194 49.4258
195 49.278
196 49.1269
197 48.9726
198 48.815
199 48.6541
200 48.4899
201 48.3223
202 48.1514
203 47.977
204 47.7991
205 47.6178
206 47.4328
207 47.2443
208 47.0522
209 46.8564
210 46.6568
211 46.4535
212 46.2463
213 46.0353
214 45.8204
215 45.6014
216 45.3784
217 45.1514
218 44.9201
219 44.6846
220 44.4449
221 44.2007
222 43.9522
223 43.6991
224 43.4414
225 43.1791
226 42.9119
227 42.64
228 42.3631
229 42.0811
230 41.794
231 41.5017
232 41.204
233 40.9008
234 40.592
235 40.2775
236 39.9571
237 39.6307
238 39.2982
239 38.9593
240 38.614
241 38.262
242 37.9031
243 37.5372
244 37.1641
245 36.7835
246 36.3952
247 35.999
248 35.5945
249 35.1815
250 34.7598
251 34.3289
252 33.8885
253 33.4383
254 32.9778
255 32.5066
256 32.0243
257 31.5303
258 31.0241
259 30.505
260 29.9724
261 29.4256
262 28.8637
263 28.2859
264 27.6912
265 27.0784
266 26.4462
267 25.7934
268 25.1181
269 24.4187
270 23.6929
271 22.9383
272 22.1519
273 21.3301
274 20.4688
275 19.5627
276 18.6052
277 17.588
278 16.5001
279 15.3263
280 14.0452
281 12.6241