0 21.8956
1 24.7207
2 27.2279
3 29.4985
4 31.5834
5 33.5174
6 35.3253
7 37.0255
8 38.6322
9 40.1568
10 41.6081
11 42.9937
12 44.3196
13 45.5912
14 46.8128
15 47.9882
16 49.1208
17 50.2135
18 51.2688
19 52.2889
20 53.276
21 54.2317
22 55.1578
23 56.0557
24 56.9267
25 57.772
26 58.5928
27 59.3901
28 60.1648
29 60.9178
30 61.6499
31 62.3617
32 63.054
33 63.7275
34 64.3827
35 65.0202
36 65.6404
37 66.2439
38 66.8312
39 67.4026
40 67.9585
41 68.4994
42 69.0255
43 69.5373
44 70.035
45 70.5189
46 70.9894
47 71.4466
48 71.8908
49 72.3223
50 72.7413
51 73.148
52 73.5426
53 73.9254
54 74.2964
55 74.6559
56 75.004
57 75.3409
58 75.6667
59 75.9816
60 76.2857
61 76.5792
62 76.8622
63 77.1347
64 77.3969
65 77.6489
66 77.8908
67 78.1227
68 78.3447
69 78.5568
70 78.7592
71 78.9519
72 79.135
73 79.3085
74 79.4726
75 79.6272
76 79.7725
77 79.9084
78 80.0351
79 80.1525
80 80.2608
81 80.3599
82 80.4499
83 80.5308
84 80.6026
85 80.6654
86 80.7192
87 80.764
88 80.7999
89 80.8267
90 80.8446
91 80.8536
92 80.8536
93 80.8446
94 80.8267
95 80.7998
96 80.764
97 80.7192
98 80.6654
99 80.6026
100 80.5307
101 80.4498
102 80.3598
103 80.2607
104 80.1524
105 80.035
106 79.9083
107 79.7723
108 79.6271
109 79.4724
110 79.3083
111 79.1348
112 78.9517
113 78.759
114 78.5566
115 78.3445
116 78.1225
117 77.8906
118 77.6487
119 77.3966
120 77.1344
121 76.8619
122 76.5789
123 76.2854
124 75.9813
125 75.6664
126 75.3405
127 75.0036
128 74.6555
129 74.296
130 73.925
131 73.5422
132 73.1476
133 72.7409
134 72.3218
135 71.8903
136 71.4461
137 70.9889
138 70.5184
139 70.0345
140 69.5368
141 69.025
142 68.4988
143 67.9579
144 67.402
145 66.8306
146 66.2433
147 65.6398
148 65.0195
149 64.382
150 63.7268
151 63.0533
152 62.3609
153 61.6491
154 60.917
155 60.164
156 59.3893
157 58.592
158 57.7711
159 56.9257
160 56.0547
161 55.1568
162 54.2307
163 53.2749
164 52.2878
165 51.2677
166 50.2123
167 49.1196
168 47.987
169 46.8115
170 45.5899
171 44.3182
172 42.9922
173 41.6066
174 40.1551
175 38.6305
176 37.0237
177 35.3234
178 33.5154
179 31.5812
180 29.4961
181 27.2254
182 24.7179