0 11.6133
1 13.1497
2 14.5152
3 15.7543
4 16.8947
5 17.9554
6 18.9497
7 19.8875
8 20.7766
9 21.6228
10 22.4312
11 23.2056
12 23.9493
13 24.6651
14 25.3553
15 26.0221
16 26.6671
17 27.292
18 27.898
19 28.4863
20 29.0581
21 29.6143
22 30.1558
23 30.6832
24 31.1975
25 31.6991
26 32.1887
27 32.6668
28 33.1339
29 33.5905
30 34.0371
31 34.4739
32 34.9013
33 35.3198
34 35.7295
35 36.1309
36 36.5242
37 36.9096
38 37.2873
39 37.6577
40 38.021
41 38.3773
42 38.7268
43 39.0697
44 39.4062
45 39.7364
46 40.0605
47 40.3787
48 40.6911
49 40.9977
50 41.2989
51 41.5946
52 41.8849
53 42.1701
54 42.4502
55 42.7252
56 42.9954
57 43.2607
58 43.5213
59 43.7773
60 44.0287
61 44.2756
62 44.5181
63 44.7563
64 44.9902
65 45.2199
66 45.4455
67 45.667
68 45.8844
69 46.0979
70 46.3075
71 46.5133
72 46.7152
73 46.9134
74 47.1078
75 47.2987
76 47.4859
77 47.6695
78 47.8496
79 48.0262
80 48.1993
81 48.369
82 48.5354
83 48.6983
84 48.858
85 49.0144
86 49.1676
87 49.3175
88 49.4642
89 49.6078
90 49.7482
91 49.8856
92 50.0198
93 50.151
94 50.2791
95 50.4043
96 50.5264
97 50.6456
98 50.7619
99 50.8752
100 50.9856
101 51.0931
102 51.1977
103 51.2995
104 51.3985
105 51.4946
106 51.588
107 51.6785
108 51.7663
109 51.8513
110 51.9336
111 52.0131
112 52.09
113 52.1641
114 52.2355
115 52.3042
116 52.3703
117 52.4337
118 52.4944
119 52.5525
120 52.608
121 52.6608
122 52.711
123 52.7586
124 52.8036
161 52.665
162 52.6124
163 52.5572
164 52.4993
165 52.4388
166 52.3756
167 52.3098
168 52.2413
169 52.1701
170 52.0962
171 52.0196
172 51.9403
173 51.8582
174 51.7734
175 51.6859
176 51.5956
177 51.5024
178 51.4065
179 51.3078
180 51.2062
181 51.1018
182 50.9945
183 50.8844
184 50.7713
185 50.6553
186 50.5364
187 50.4145
188 50.2896
189 50.1617
190 50.0307
191 49.8967
192 49.7597
193 49.6195
194 49.4762
195 49.3297
196 49.18
197 49.0272
198 48.871
199 48.7116
200 48.5489
201 48.3829
202 48.2134
203 48.0406
204 47.8643
205 47.6845
206 47.5011
207 47.3142
208 47.1237
209 46.9295
210 46.7317
211 46.53
212 46.3246
213 46.1153
214 45.9022
215 45.685
216 45.4639
217 45.2387
218 45.0093
219 44.7758
220 44.5379
221 44.2958
222 44.0492
223 43.7982
224 43.5426
225 43.2824
226 43.0175
227 42.7477
228 42.4731
229 42.1934
230 41.9087
231 41.6187
232 41.3235
233 41.0228
234 40.7166
235 40.4047
236 40.087
237 39.7633
238 39.4336
239 39.0976
240 38.7553
241 38.4063
242 38.0506
243 37.688
244 37.3182
245 36.941
246 36.5562
247 36.1636
248 35.7629
249 35.3539
250 34.9362
251 34.5095
252 34.0734
253 33.6277
254 33.172
255 32.7057
256 32.2285
257 31.7399
258 31.2393
259 30.7261
260 30.1998
261 29.6595
262 29.1046
263 28.5341
264 27.9472
265 27.3427
266 26.7194
267 26.0761
268 25.4112
269 24.7229
270 24.0093
271 23.268
272 22.4963
273 21.6909
274 20.8479
275 19.9626
276 19.029
277 18.0398
278 16.985
279 15.8517
280 14.6217
281 13.268