0 10.8967
1 12.5261
2 13.957
3 15.2454
4 16.4249
5 17.5174
6 18.5384
7 19.499
8 20.4079
9 21.2716
10 22.0955
11 22.8838
12 23.6402
13 24.3675
14 25.0683
15 25.7448
16 26.3989
17 27.0321
18 27.6459
19 28.2416
20 28.8203
21 29.383
22 29.9306
23 30.4639
24 30.9837
25 31.4906
26 31.9852
27 32.4681
28 32.9398
29 33.4009
30 33.8516
31 34.2925
32 34.7239
33 35.1461
34 35.5595
35 35.9644
36 36.3611
37 36.7498
38 37.1308
39 37.5043
40 37.8705
41 38.2297
42 38.5821
43 38.9278
44 39.267
45 39.5998
46 39.9265
47 40.2472
48 40.5621
49 40.8711
50 41.1746
51 41.4726
52 41.7652
53 42.0526
54 42.3348
55 42.612
56 42.8842
57 43.1516
58 43.4142
59 43.6721
60 43.9254
61 44.1742
62 44.4186
63 44.6586
64 44.8943
65 45.1258
66 45.3531
67 45.5763
68 45.7954
69 46.0106
70 46.2219
71 46.4292
72 46.6328
73 46.8325
74 47.0286
75 47.2209
76 47.4096
77 47.5948
78 47.7763
79 47.9544
80 48.129
81 48.3002
82 48.4679
83 48.6323
84 48.7934
85 48.9512
86 49.1057
87 49.257
88 49.4051
89 49.55
90 49.6917
91 49.8304
92 49.9659
93 50.0984
94 50.2278
95 50.3542
96 50.4776
97 50.5981
98 50.7155
99 50.8301
100 50.9417
101 51.0504
102 51.1563
103 51.2593
104 51.3594
105 51.4568
106 51.5513
107 51.643
108 51.7319
109 51.8181
110 51.9015
111 51.9822
112 52.0602
113 52.1354
114 52.208
115 52.2779
116 52.345
117 52.4095
118 52.4714
119 52.5306
120 52.5871
121 52.6411
122 52.6924
158 52.827
159 52.7834
160 52.7371
161 52.6882
162 52.6366
163 52.5825
164 52.5257
165 52.4663
166 52.4042
167 52.3395
168 52.2721
169 52.202
170 52.1292
171 52.0537
172 51.9755
173 51.8946
174 51.811
175 51.7246
176 51.6354
177 51.5434
178 51.4487
179 51.3511
180 51.2507
181 51.1475
182 51.0414
183 50.9324
184 50.8205
185 50.7057
186 50.588
187 50.4673
188 50.3437
189 50.217
190 50.0873
191 49.9546
192 49.8188
193 49.6799
194 49.5379
195 49.3927
196 49.2444
197 49.0928
198 48.938
199 48.78
200 48.6186
201 48.4539
202 48.2859
203 48.1144
204 47.9395
205 47.7612
206 47.5793
207 47.3939
208 47.2049
209 47.0122
210 46.8158
211 46.6158
212 46.4119
213 46.2042
214 45.9926
215 45.7771
216 45.5576
217 45.3341
218 45.1064
219 44.8746
220 44.6385
221 44.3982
222 44.1534
223 43.9042
224 43.6505
225 43.3922
226 43.1292
227 42.8614
228 42.5888
229 42.3112
230 42.0286
231 41.7408
232 41.4477
233 41.1492
234 40.8453
235 40.5358
236 40.2204
237 39.8993
238 39.572
239 39.2386
240 38.8989
241 38.5527
242 38.1997
243 37.84
244 37.4731
245 37.099
246 36.7173
247 36.328
248 35.9306
249 35.525
250 35.1109
251 34.6879
252 34.2557
253 33.814
254 33.3624
255 32.9005
256 32.4279
257 31.944
258 31.4483
259 30.9404
260 30.4195
261 29.885
262 29.3362
263 28.7722
264 28.1921
265 27.5949
266 26.9795
267 26.3446
268 25.6887
269 25.0102
270 24.3073
271 23.5776
272 22.8187
273 22.0275
274 21.2005
275 20.3332
276 19.4202
277 18.4548
278 17.4283
279 16.3291
280 15.1414
281 13.8425