0 11.7999
1 13.3151
2 14.6655
3 15.8931
4 17.0245
5 18.0777
6 19.0658
7 19.9983
8 20.8828
9 21.725
10 22.5298
11 23.301
12 24.0419
13 24.7551
14 25.443
15 26.1076
16 26.7506
17 27.3736
18 27.9778
19 28.5646
20 29.1349
21 29.6896
22 30.2297
23 30.7559
24 31.269
25 31.7694
26 32.258
27 32.735
28 33.2012
29 33.6569
30 34.1025
31 34.5384
32 34.965
33 35.3827
34 35.7917
35 36.1923
36 36.5848
37 36.9695
38 37.3466
39 37.7164
40 38.079
41 38.4346
42 38.7835
43 39.1258
44 39.4618
45 39.7914
46 40.115
47 40.4327
48 40.7445
49 41.0507
50 41.3513
51 41.6465
52 41.9364
53 42.2211
54 42.5007
55 42.7753
56 43.045
57 43.3099
58 43.57
59 43.8256
60 44.0766
61 44.323
62 44.5651
63 44.8029
64 45.0364
65 45.2657
66 45.4909
67 45.7119
68 45.929
69 46.1421
70 46.3513
71 46.5567
72 46.7583
73 46.9561
74 47.1502
75 47.3406
76 47.5274
77 47.7107
78 47.8904
79 48.0666
80 48.2394
81 48.4088
82 48.5748
83 48.7374
84 48.8967
85 49.0528
86 49.2056
87 49.3551
88 49.5015
89 49.6447
90 49.7848
91 49.9218
92 50.0557
93 50.1865
94 50.3143
95 50.4391
96 50.5609
97 50.6798
98 50.7957
99 50.9086
100 51.0187
101 51.1259
102 51.2302
103 51.3316
104 51.4302
105 51.526
106 51.619
107 51.7092
108 51.7966
109 51.8813
110 51.9632
111 52.0424
112 52.1189
113 52.1926
114 52.2637
115 52.3321
116 52.3978
117 52.4608
118 52.5212
119 52.5789
155 52.9379
156 52.9005
157 52.8604
158 52.8178
159 52.7726
160 52.7247
161 52.6743
162 52.6212
163 52.5655
164 52.5071
165 52.4461
166 52.3825
167 52.3161
168 52.2471
169 52.1754
170 52.101
171 52.0239
172 51.9441
173 51.8615
174 51.7762
175 51.6881
176 51.5972
177 51.5036
178 51.4071
179 51.3078
180 51.2057
181 51.1007
182 50.9929
183 50.8821
184 50.7685
185 50.6519
186 50.5324
187 50.4098
188 50.2843
189 50.1558
190 50.0243
191 49.8896
192 49.7519
193 49.6111
194 49.4671
195 49.32
196 49.1697
197 49.0161
198 48.8593
199 48.6992
200 48.5357
201 48.369
202 48.1988
203 48.0252
204 47.8481
205 47.6676
206 47.4835
207 47.2958
208 47.1045
209 46.9095
210 46.7108
211 46.5084
212 46.3021
213 46.092
214 45.8779
215 45.6599
216 45.4379
217 45.2117
218 44.9815
219 44.747
220 44.5082
221 44.265
222 44.0175
223 43.7654
224 43.5088
225 43.2475
226 42.9815
227 42.7107
228 42.4349
229 42.1541
230 41.8682
231 41.577
232 41.2806
233 40.9786
234 40.6711
235 40.3579
236 40.0389
237 39.7139
238 39.3827
239 39.0453
240 38.7015
241 38.351
242 37.9937
243 37.6294
244 37.258
245 36.8791
246 36.4925
247 36.0981
248 35.6955
249 35.2845
250 34.8648
251 34.436
252 33.9978
253 33.5498
254 33.0917
255 32.623
256 32.1433
257 31.652
258 31.1486
259 30.6325
260 30.103
261 29.5595
262 29.0012
263 28.4271
264 27.8363
265 27.2277
266 26.6001
267 25.9521
268 25.2822
269 24.5885
270 23.8689
271 23.1212
272 22.3423
273 21.529
274 20.6772
275 19.782
276 18.837
277 17.8345
278 16.7641
279 15.6118
280 14.3579
281 12.9731