0 10.9475
1 12.574
2 14.0033
3 15.2908
4 16.4697
5 17.5619
6 18.5828
7 19.5435
8 20.4525
9 21.3164
10 22.1405
11 22.9291
12 23.6857
13 24.4133
14 25.1145
15 25.7913
16 26.4457
17 27.0793
18 27.6934
19 28.2894
20 28.8685
21 29.4315
22 29.9794
23 30.5131
24 31.0331
25 31.5403
26 32.0353
27 32.5185
28 32.9905
29 33.4518
30 33.9029
31 34.344
32 34.7757
33 35.1982
34 35.6118
35 36.017
36 36.4139
37 36.8029
38 37.1841
39 37.5578
40 37.9243
41 38.2837
42 38.6363
43 38.9821
44 39.3215
45 39.6546
46 39.9815
47 40.3023
48 40.6173
49 40.9266
50 41.2302
51 41.5283
52 41.8211
53 42.1086
54 42.3909
55 42.6682
56 42.9406
57 43.2081
58 43.4708
59 43.7288
60 43.9822
61 44.2311
62 44.4756
63 44.7157
64 44.9514
65 45.183
66 45.4103
67 45.6336
68 45.8528
69 46.068
70 46.2793
71 46.4867
72 46.6903
73 46.89
74 47.0861
75 47.2785
76 47.4672
77 47.6523
78 47.8339
79 48.0119
80 48.1865
81 48.3577
82 48.5254
83 48.6898
84 48.8508
85 49.0085
86 49.163
87 49.3142
88 49.4622
89 49.6071
90 49.7488
91 49.8873
92 50.0228
93 50.1552
94 50.2845
95 50.4108
96 50.5341
97 50.6544
98 50.7718
99 50.8862
100 50.9977
101 51.1063
102 51.2121
103 51.3149
104 51.4149
105 51.5121
106 51.6064
107 51.698
108 51.7868
109 51.8728
110 51.956
111 52.0365
112 52.1143
113 52.1893
114 52.2617
115 52.3313
116 52.3983
152 53.0764
153 53.0478
154 53.0165
155 52.9827
156 52.9464
157 52.9074
158 52.8658
159 52.8216
160 52.7748
161 52.7254
162 52.6734
163 52.6187
164 52.5614
165 52.5014
166 52.4388
167 52.3735
168 52.3055
169 52.2349
170 52.1615
171 52.0854
172 52.0066
173 51.9251
174 51.8408
175 51.7538
176 51.664
177 51.5714
178 51.476
179 51.3777
180 51.2766
181 51.1727
182 51.0659
183 50.9562
184 50.8436
185 50.7281
186 50.6096
187 50.4882
188 50.3638
189 50.2363
190 50.1059
191 49.9723
192 49.8357
193 49.696
194 49.5531
195 49.4071
196 49.2579
197 49.1054
198 48.9497
199 48.7908
200 48.6285
201 48.4629
202 48.2939
203 48.1214
204 47.9455
205 47.7662
206 47.5833
207 47.3968
208 47.2067
209 47.013
210 46.8155
211 46.6143
212 46.4093
213 46.2005
214 45.9877
215 45.771
216 45.5503
217 45.3255
218 45.0966
219 44.8635
220 44.6261
221 44.3844
222 44.1383
223 43.8877
224 43.6325
225 43.3727
226 43.1083
227 42.839
228 42.5648
229 42.2856
230 42.0013
231 41.7119
232 41.4171
233 41.1169
234 40.8112
235 40.4998
236 40.1826
237 39.8595
238 39.5303
239 39.1949
240 38.8531
241 38.5048
242 38.1497
243 37.7876
244 37.4184
245 37.0419
246 36.6578
247 36.2659
248 35.866
249 35.4576
250 35.0407
251 34.6148
252 34.1796
253 33.7348
254 33.28
255 32.8147
256 32.3385
257 31.851
258 31.3515
259 30.8395
260 30.3145
261 29.7755
262 29.2221
263 28.6531
264 28.0679
265 27.4652
266 26.8439
267 26.2027
268 25.5401
269 24.8544
270 24.1436
271 23.4054
272 22.6372
273 21.8357
274 20.9972
275 20.1171
276 19.1895
277 18.2074
278 17.1612
279 16.0385
280 14.8219
281 13.486