0 11.7115
1 13.2435
2 14.6065
3 15.8441
4 16.9838
5 18.0441
6 19.0384
7 19.9764
8 20.8657
9 21.7124
10 22.5213
11 23.2962
12 24.0405
13 24.7569
14 25.4479
15 26.1153
16 26.761
17 27.3865
18 27.9932
19 28.5822
20 29.1547
21 29.7115
22 30.2536
23 30.7817
24 31.2966
25 31.7988
26 32.289
27 32.7678
28 33.2355
29 33.6927
30 34.1398
31 34.5771
32 35.0051
33 35.4241
34 35.8344
35 36.2362
36 36.63
37 37.0158
38 37.3941
39 37.7649
40 38.1286
41 38.4853
42 38.8352
43 39.1785
44 39.5154
45 39.846
46 40.1705
47 40.489
48 40.8017
49 41.1087
50 41.4102
51 41.7061
52 41.9968
53 42.2822
54 42.5626
55 42.8379
56 43.1083
57 43.3738
58 43.6346
59 43.8908
60 44.1424
61 44.3895
62 44.6322
63 44.8705
64 45.1045
65 45.3344
66 45.56
67 45.7816
68 45.9992
69 46.2128
70 46.4224
71 46.6282
72 46.8302
73 47.0284
74 47.2229
75 47.4138
76 47.601
77 47.7846
78 47.9647
79 48.1412
80 48.3143
81 48.484
82 48.6503
83 48.8132
84 48.9728
85 49.1291
86 49.2821
87 49.4319
88 49.5785
89 49.722
90 49.8623
91 49.9994
92 50.1335
93 50.2645
94 50.3925
95 50.5174
96 50.6394
97 50.7583
98 50.8743
99 50.9874
100 51.0975
101 51.2048
102 51.3092
103 51.4107
104 51.5093
105 51.6052
106 51.6982
107 51.7884
108 51.8758
109 51.9605
110 52.0424
111 52.1216
112 52.198
113 52.2717
149 53.1791
150 53.1567
151 53.1317
152 53.1041
153 53.0739
154 53.0412
155 53.0059
156 52.9679
157 52.9274
158 52.8842
159 52.8385
160 52.7901
161 52.7391
162 52.6854
163 52.6291
164 52.5702
165 52.5086
166 52.4443
167 52.3773
168 52.3077
169 52.2353
170 52.1602
171 52.0824
172 52.0019
173 51.9186
174 51.8326
175 51.7438
176 51.6521
177 51.5577
178 51.4605
179 51.3604
180 51.2575
181 51.1517
182 51.043
183 50.9314
184 50.8168
185 50.6994
186 50.5789
187 50.4555
188 50.329
189 50.1996
190 50.067
191 49.9314
192 49.7927
193 49.6508
194 49.5058
195 49.3576
196 49.2062
197 49.0515
198 48.8936
199 48.7324
200 48.5678
201 48.3998
202 48.2284
203 48.0536
204 47.8753
205 47.6935
206 47.5081
207 47.319
208 47.1264
209 46.93
210 46.7299
211 46.5261
212 46.3183
213 46.1067
214 45.8912
215 45.6716
216 45.448
217 45.2203
218 44.9883
219 44.7522
220 44.5117
221 44.2668
222 44.0175
223 43.7636
224 43.5051
225 43.242
226 42.974
227 42.7012
228 42.4234
229 42.1405
230 41.8525
231 41.5592
232 41.2605
233 40.9563
234 40.6465
235 40.3309
236 40.0094
237 39.6819
238 39.3482
239 39.0081
240 38.6615
241 38.3083
242 37.9481
243 37.5809
244 37.2064
245 36.8244
246 36.4346
247 36.0368
248 35.6308
249 35.2162
250 34.7928
251 34.3602
252 33.918
253 33.4659
254 33.0036
255 32.5304
256 32.046
257 31.5499
258 31.0414
259 30.52
260 29.985
261 29.4357
262 28.8712
263 28.2906
264 27.6929
265 27.077
266 26.4416
267 25.7852
268 25.1063
269 24.4029
270 23.6729
271 22.9137
272 22.1223
273 21.2951
274 20.4278
275 19.515
276 18.5501
277 17.5243
278 16.4263
279 15.2405
280 13.9446
281 12.5043