0 12.3648
1 13.8251
2 15.1362
3 16.3341
4 17.4422
5 18.4765
6 19.4488
7 20.3681
8 21.2412
9 22.0737
10 22.8698
11 23.6334
12 24.3674
13 25.0745
14 25.7569
15 26.4165
16 27.055
17 27.6738
18 28.2742
19 28.8574
20 29.4243
21 29.976
22 30.5133
23 31.0368
24 31.5473
25 32.0454
26 32.5316
27 33.0066
28 33.4707
29 33.9245
30 34.3682
31 34.8024
32 35.2274
33 35.6434
34 36.0509
35 36.45
36 36.8411
37 37.2244
38 37.6002
39 37.9686
40 38.3299
41 38.6843
42 39.032
43 39.3732
44 39.7079
45 40.0365
46 40.359
47 40.6755
48 40.9863
49 41.2914
50 41.591
51 41.8852
52 42.1741
53 42.4578
54 42.7364
55 43.01
56 43.2787
57 43.5427
58 43.8019
59 44.0564
60 44.3065
61 44.552
62 44.7932
63 45.03
64 45.2625
65 45.4909
66 45.7151
67 45.9353
68 46.1514
69 46.3636
70 46.5718
71 46.7763
72 46.9769
73 47.1737
74 47.3669
75 47.5563
76 47.7422
77 47.9245
78 48.1033
79 48.2785
80 48.4503
81 48.6187
82 48.7837
83 48.9453
84 49.1036
85 49.2586
86 49.4104
87 49.5589
88 49.7043
89 49.8465
90 49.9855
91 50.1214
92 50.2542
93 50.384
94 50.5107
95 50.6344
96 50.7551
97 50.8728
98 50.9875
99 51.0994
100 51.2083
101 51.3143
102 51.4174
103 51.5177
104 51.6151
105 51.7097
106 51.8014
107 51.8904
108 51.9766
109 52.06
146 53.2809
147 53.2647
148 53.246
149 53.2246
150 53.2007
151 53.1741
152 53.145
153 53.1133
154 53.079
155 53.0421
156 53.0026
157 52.9605
158 52.9158
159 52.8684
160 52.8184
161 52.7657
162 52.7104
163 52.6525
164 52.5919
165 52.5286
166 52.4626
167 52.3939
168 52.3225
169 52.2484
170 52.1716
171 52.092
172 52.0097
173 51.9246
174 51.8367
175 51.746
176 51.6526
177 51.5563
178 51.4571
179 51.3551
180 51.2503
181 51.1425
182 51.0318
183 50.9182
184 50.8017
185 50.6821
186 50.5596
187 50.4341
188 50.3055
189 50.1739
190 50.0392
191 49.9014
192 49.7605
193 49.6164
194 49.4691
195 49.3186
196 49.1649
197 49.0079
198 48.8475
199 48.6839
200 48.5168
201 48.3464
202 48.1725
203 47.9951
204 47.8142
205 47.6298
206 47.4417
207 47.25
208 47.0546
209 46.8555
210 46.6526
211 46.4458
212 46.2352
213 46.0206
214 45.8021
215 45.5795
216 45.3527
217 45.1218
218 44.8867
219 44.6473
220 44.4034
221 44.1552
222 43.9024
223 43.645
224 43.383
225 43.1161
226 42.8444
227 42.5678
228 42.2861
229 41.9993
230 41.7072
231 41.4097
232 41.1068
233 40.7983
234 40.484
235 40.1639
236 39.8377
237 39.5054
238 39.1668
239 38.8217
240 38.4699
241 38.1114
242 37.7457
243 37.3729
244 36.9926
245 36.6046
246 36.2086
247 35.8045
248 35.3918
249 34.9704
250 34.5399
251 34.0999
252 33.6502
253 33.1902
254 32.7195
255 32.2377
256 31.7444
257 31.2388
258 30.7205
259 30.1887
260 29.6428
261 29.0819
262 28.5052
263 27.9117
264 27.3003
265 26.6697
266 26.0186
267 25.3454
268 24.6482
269 23.9251
270 23.1734
271 22.3905
272 21.5728
273 20.7162
274 19.8158
275 18.8652
276 17.8565
277 16.779
278 15.6187
279 14.3555
280 12.9592