0 11.335
1 12.9252
2 14.3305
3 15.601
4 16.7673
5 17.8499
6 18.8632
7 19.8178
8 20.7219
9 21.5818
10 22.4026
11 23.1884
12 23.9426
13 24.6683
14 25.3678
15 26.0432
16 26.6964
17 27.3289
18 27.9423
19 28.5376
20 29.116
21 29.6785
22 30.226
23 30.7593
24 31.2791
25 31.786
26 32.2808
27 32.7638
28 33.2357
29 33.697
30 34.1479
31 34.589
32 35.0206
33 35.4431
34 35.8568
35 36.2619
36 36.6589
37 37.0478
38 37.4291
39 37.8028
40 38.1693
41 38.5287
42 38.8813
43 39.2272
44 39.5666
45 39.8996
46 40.2265
47 40.5473
48 40.8623
49 41.1715
50 41.4751
51 41.7732
52 42.0659
53 42.3533
54 42.6356
55 42.9128
56 43.185
57 43.4523
58 43.7149
59 43.9728
60 44.2261
61 44.4748
62 44.719
63 44.9589
64 45.1945
65 45.4258
66 45.6529
67 45.8759
68 46.0948
69 46.3098
70 46.5207
71 46.7278
72 46.931
73 47.1305
74 47.3262
75 47.5182
76 47.7065
77 47.8912
78 48.0723
79 48.2499
80 48.424
81 48.5947
82 48.7619
83 48.9258
84 49.0863
85 49.2435
86 49.3974
87 49.548
88 49.6954
89 49.8397
90 49.9807
91 50.1186
92 50.2534
93 50.3851
94 50.5137
95 50.6393
96 50.7619
97 50.8814
98 50.998
99 51.1117
100 51.2223
101 51.3301
102 51.435
103 51.537
104 51.6361
105 51.7323
106 51.8258
107 51.9164
143 53.3891
144 53.3817
145 53.3718
146 53.3593
147 53.3442
148 53.3265
149 53.3062
150 53.2834
151 53.2579
152 53.2299
153 53.1992
154 53.166
155 53.1301
156 53.0916
157 53.0505
158 53.0068
159 52.9604
160 52.9114
161 52.8598
162 52.8054
163 52.7485
164 52.6888
165 52.6265
166 52.5614
167 52.4937
168 52.4233
169 52.3501
170 52.2742
171 52.1955
172 52.1141
173 52.03
174 51.943
175 51.8532
176 51.7606
177 51.6652
178 51.567
179 51.4658
180 51.3618
181 51.2549
182 51.1451
183 51.0324
184 50.9167
185 50.798
186 50.6764
187 50.5517
188 50.424
189 50.2932
190 50.1593
191 50.0224
192 49.8823
193 49.739
194 49.5925
195 49.4429
196 49.29
197 49.1338
198 48.9743
199 48.8114
200 48.6452
201 48.4756
202 48.3025
203 48.1259
204 47.9459
205 47.7622
206 47.575
207 47.3841
208 47.1895
209 46.9912
210 46.7891
211 46.5832
212 46.3734
213 46.1597
214 45.9419
215 45.7202
216 45.4943
217 45.2643
218 45.03
219 44.7914
220 44.5485
221 44.3011
222 44.0492
223 43.7927
224 43.5315
225 43.2656
226 42.9949
227 42.7192
228 42.4384
229 42.1526
230 41.8615
231 41.565
232 41.2631
233 40.9556
234 40.6423
235 40.3233
236 39.9982
237 39.667
238 39.3296
239 38.9856
240 38.6351
241 38.2777
242 37.9134
243 37.5418
244 37.1629
245 36.7763
246 36.3818
247 35.9791
248 35.568
249 35.1482
250 34.7194
251 34.2811
252 33.8332
253 33.3751
254 32.9064
255 32.4267
256 31.9356
257 31.4323
258 30.9164
259 30.3873
260 29.8441
261 29.2862
262 28.7127
263 28.1225
264 27.5147
265 26.8881
266 26.2412
267 25.5726
268 24.8806
269 24.163
270 23.4176
271 22.6416
272 21.8317
273 20.984
274 20.0938
275 19.1551
276 18.1603
277 17.0998
278 15.9604
279 14.7237
280 13.3629