0 11.8753
1 13.4053
2 14.7683
3 16.0071
4 17.1486
5 18.2111
6 19.2077
7 20.1483
8 21.0402
9 21.8896
10 22.7011
11 23.4786
12 24.2256
13 24.9446
14 25.638
15 26.3079
16 26.9561
17 27.584
18 28.193
19 28.7843
20 29.359
21 29.918
22 30.4623
23 30.9925
24 31.5093
25 32.0136
26 32.5057
27 32.9863
28 33.4558
29 33.9148
30 34.3636
31 34.8027
32 35.2323
33 35.6529
34 36.0647
35 36.4681
36 36.8633
37 37.2506
38 37.6303
39 38.0025
40 38.3675
41 38.7254
42 39.0766
43 39.4211
44 39.7591
45 40.0908
46 40.4164
47 40.736
48 41.0497
49 41.3577
50 41.6601
51 41.957
52 42.2485
53 42.5348
54 42.8159
55 43.092
56 43.3632
57 43.6294
58 43.8909
59 44.1477
60 44.4
61 44.6476
62 44.8909
63 45.1297
64 45.3643
65 45.5946
66 45.8207
67 46.0427
68 46.2606
69 46.4746
70 46.6845
71 46.8906
72 47.0929
73 47.2914
74 47.4861
75 47.6771
76 47.8644
77 48.0482
78 48.2283
79 48.405
80 48.5781
81 48.7478
82 48.9141
83 49.0769
84 49.2365
85 49.3927
86 49.5456
87 49.6953
88 49.8417
89 49.9849
90 50.125
91 50.2619
92 50.3957
93 50.5264
94 50.654
95 50.7786
96 50.9002
97 51.0187
98 51.1343
99 51.2469
100 51.3565
101 51.4633
102 51.5671
103 51.668
104 51.7661
140 53.4823
141 53.4813
142 53.4777
143 53.4715
144 53.4628
145 53.4514
146 53.4374
147 53.4209
148 53.4017
149 53.3799
150 53.3556
151 53.3286
152 53.299
153 53.2668
154 53.232
155 53.1945
156 53.1544
157 53.1117
158 53.0663
159 53.0183
160 52.9676
161 52.9143
162 52.8582
163 52.7995
164 52.7381
165 52.674
166 52.6072
167 52.5377
168 52.4654
169 52.3904
170 52.3127
171 52.2321
172 52.1488
173 52.0627
174 51.9738
175 51.8821
176 51.7875
177 51.6901
178 51.5898
179 51.4866
180 51.3805
181 51.2715
182 51.1596
183 51.0447
184 50.9268
185 50.8059
186 50.682
187 50.5551
188 50.425
189 50.2919
190 50.1557
191 50.0164
192 49.8738
193 49.7281
194 49.5792
195 49.427
196 49.2715
197 49.1127
198 48.9506
199 48.7851
200 48.6162
201 48.4438
202 48.2679
203 48.0885
204 47.9056
205 47.7191
206 47.5289
207 47.335
208 47.1374
209 46.936
210 46.7307
211 46.5216
212 46.3085
213 46.0915
214 45.8704
215 45.6452
216 45.4159
217 45.1823
218 44.9444
219 44.7021
220 44.4554
221 44.2042
222 43.9485
223 43.688
224 43.4228
225 43.1527
226 42.8778
227 42.5978
228 42.3126
229 42.0223
230 41.7266
231 41.4254
232 41.1187
233 40.8063
234 40.488
235 40.1638
236 39.8334
237 39.4968
238 39.1538
239 38.8041
240 38.4477
241 38.0843
242 37.7137
243 37.3357
244 36.9501
245 36.5567
246 36.1552
247 35.7452
248 35.3266
249 34.899
250 34.4621
251 34.0155
252 33.5588
253 33.0917
254 32.6136
255 32.124
256 31.6226
257 31.1085
258 30.5814
259 30.0403
260 29.4847
261 28.9135
262 28.326
263 27.721
264 27.0974
265 26.4539
266 25.789
267 25.1009
268 24.3878
269 23.6473
270 22.8768
271 22.0732
272 21.2326
273 20.3506
274 19.4215
275 18.4381
276 17.3912
277 16.2686
278 15.0534
279 13.721