0 12.3289
1 13.8139
2 15.1449
3 16.3594
4 17.4818
5 18.5289
6 19.5127
7 20.4424
8 21.3251
9 22.1664
10 22.9708
11 23.7421
12 24.4835
13 25.1975
14 25.8864
15 26.5522
16 27.1966
17 27.821
18 28.4268
19 29.0152
20 29.5872
21 30.1436
22 30.6855
23 31.2135
24 31.7282
25 32.2305
26 32.7208
27 33.1996
28 33.6674
29 34.1248
30 34.5721
31 35.0097
32 35.4379
33 35.8572
34 36.2677
35 36.6698
36 37.0639
37 37.45
38 37.8285
39 38.1996
40 38.5635
41 38.9205
42 39.2706
43 39.6141
44 39.9512
45 40.282
46 40.6066
47 40.9253
48 41.2381
49 41.5452
50 41.8467
51 42.1428
52 42.4335
53 42.7189
54 42.9992
55 43.2745
56 43.5448
57 43.8103
58 44.071
59 44.327
60 44.5785
61 44.8254
62 45.0678
63 45.3059
64 45.5397
65 45.7692
66 45.9945
67 46.2157
68 46.4329
69 46.6461
70 46.8553
71 47.0606
72 47.2621
73 47.4597
74 47.6537
75 47.8439
76 48.0305
77 48.2134
78 48.3928
79 48.5686
80 48.741
81 48.9098
82 49.0753
83 49.2374
84 49.3961
85 49.5514
86 49.7035
87 49.8524
88 49.9979
89 50.1403
90 50.2795
91 50.4156
92 50.5485
93 50.6783
94 50.8051
95 50.9288
96 51.0494
97 51.1671
98 51.2817
99 51.3934
100 51.5021
137 53.5741
138 53.5795
139 53.5824
140 53.5826
141 53.5802
142 53.5752
143 53.5676
144 53.5574
145 53.5445
146 53.5291
147 53.5111
148 53.4904
149 53.4671
150 53.4412
151 53.4127
152 53.3815
153 53.3478
154 53.3113
155 53.2723
156 53.2305
157 53.1862
158 53.1391
159 53.0894
160 53.037
161 52.9819
162 52.9242
163 52.8637
164 52.8005
165 52.7346
166 52.6659
167 52.5946
168 52.5204
169 52.4435
170 52.3638
171 52.2814
172 52.1961
173 52.108
174 52.017
175 51.9233
176 51.8266
177 51.7271
178 51.6247
179 51.5194
180 51.4111
181 51.2999
182 51.1858
183 51.0686
184 50.9484
185 50.8252
186 50.699
187 50.5696
188 50.4372
189 50.3017
190 50.163
191 50.0211
192 49.876
193 49.7277
194 49.5762
195 49.4213
196 49.2632
197 49.1016
198 48.9367
199 48.7684
200 48.5966
201 48.4214
202 48.2426
203 48.0602
204 47.8742
205 47.6846
206 47.4912
207 47.2942
208 47.0933
209 46.8886
210 46.68
211 46.4675
212 46.251
213 46.0304
214 45.8058
215 45.5769
216 45.3439
217 45.1065
218 44.8647
219 44.6186
220 44.3679
221 44.1126
222 43.8526
223 43.5879
224 43.3184
225 43.0439
226 42.7645
227 42.4798
228 42.19
229 41.8948
230 41.5942
231 41.288
232 40.9761
233 40.6584
234 40.3347
235 40.0049
236 39.6689
237 39.3264
238 38.9773
239 38.6215
240 38.2587
241 37.8888
242 37.5115
243 37.1266
244 36.7339
245 36.3331
246 35.9239
247 35.5061
248 35.0793
249 34.6433
250 34.1976
251 33.7419
252 33.2757
253 32.7987
254 32.3103
255 31.81
256 31.2973
257 30.7715
258 30.2319
259 29.6779
260 29.1085
261 28.5228
262 27.9199
263 27.2985
264 26.6574
265 25.9952
266 25.3101
267 24.6003
268 23.8636
269 23.0973
270 22.2984
271 21.4634
272 20.5877
273 19.666
274 18.6914
275 17.6553
276 16.546
277 15.3477
278 14.0376
279 12.5809