0 11.0516
1 12.7054
2 14.1576
3 15.4649
4 16.6616
5 17.77
6 18.8057
7 19.7802
8 20.702
9 21.5781
10 22.4136
11 23.213
12 23.9799
13 24.7174
14 25.4279
15 26.1137
16 26.7767
17 27.4186
18 28.0407
19 28.6445
20 29.2309
21 29.8011
22 30.3559
23 30.8963
24 31.4228
25 31.9363
26 32.4373
27 32.9264
28 33.4042
29 33.871
30 34.3274
31 34.7738
32 35.2105
33 35.6379
34 36.0563
35 36.4661
36 36.8675
37 37.2608
38 37.6462
39 38.0241
40 38.3946
41 38.7578
42 39.1142
43 39.4637
44 39.8066
45 40.1431
46 40.4733
47 40.7974
48 41.1156
49 41.4278
50 41.7344
51 42.0354
52 42.3309
53 42.6211
54 42.906
55 43.1858
56 43.4605
57 43.7303
58 43.9953
59 44.2555
60 44.511
61 44.7619
62 45.0082
63 45.2501
64 45.4877
65 45.7209
66 45.9499
67 46.1747
68 46.3953
69 46.6119
70 46.8245
71 47.0332
72 47.2379
73 47.4388
74 47.6359
75 47.8292
76 48.0189
77 48.2048
78 48.3872
79 48.5659
80 48.7411
81 48.9128
82 49.0811
83 49.2459
84 49.4073
85 49.5653
86 49.72
87 49.8714
88 50.0195
89 50.1644
90 50.3061
91 50.4446
92 50.5799
93 50.7121
94 50.8411
95 50.9671
96 51.09
97 51.2099
98 51.3268
134 53.6495
135 53.6641
136 53.676
137 53.6854
138 53.6921
139 53.6962
140 53.6976
141 53.6965
142 53.6927
143 53.6863
144 53.6773
145 53.6656
146 53.6513
147 53.6344
148 53.6149
149 53.5927
150 53.5679
151 53.5405
152 53.5104
153 53.4776
154 53.4423
155 53.4042
156 53.3635
157 53.3201
158 53.274
159 53.2253
160 53.1738
161 53.1197
162 53.0628
163 53.0033
164 52.941
165 52.8759
166 52.8082
167 52.7376
168 52.6643
169 52.5883
170 52.5094
171 52.4277
172 52.3432
173 52.2559
174 52.1658
175 52.0727
176 51.9768
177 51.8781
178 51.7764
179 51.6717
180 51.5642
181 51.4537
182 51.3402
183 51.2237
184 51.1041
185 50.9816
186 50.856
187 50.7272
188 50.5954
189 50.4605
190 50.3224
191 50.1811
192 50.0366
193 49.8888
194 49.7378
195 49.5835
196 49.4258
197 49.2648
198 49.1004
199 48.9326
200 48.7613
201 48.5865
202 48.4081
203 48.2262
204 48.0407
205 47.8515
206 47.6586
207 47.4619
208 47.2615
209 47.0572
210 46.849
211 46.6369
212 46.4207
213 46.2006
214 45.9762
215 45.7478
216 45.515
217 45.278
218 45.0366
219 44.7907
220 44.5404
221 44.2854
222 44.0258
223 43.7614
224 43.4922
225 43.218
226 42.9388
227 42.6545
228 42.3649
229 42.07
230 41.7697
231 41.4638
232 41.1522
233 40.8348
234 40.5114
235 40.1819
236 39.8461
237 39.5039
238 39.1552
239 38.7997
240 38.4372
241 38.0676
242 37.6906
243 37.306
244 36.9137
245 36.5132
246 36.1044
247 35.687
248 35.2607
249 34.8251
250 34.3798
251 33.9246
252 33.459
253 32.9826
254 32.4948
255 31.9952
256 31.4832
257 30.9582
258 30.4195
259 29.8664
260 29.2981
261 28.7136
262 28.1119
263 27.492
264 26.8525
265 26.192
266 25.5089
267 24.8014
268 24.0672
269 23.3038
270 22.5084
271 21.6772
272 20.8062
273 19.89
274 18.922
275 17.894
276 16.7947
277 15.6093
278 14.3163
279 12.8833