0 22.0148
1 24.6955
2 27.0875
3 29.2615
4 31.2632
5 33.1237
6 34.8657
7 36.5061
8 38.0581
9 39.5321
10 40.9365
11 42.2783
12 43.5632
13 44.7962
14 45.9814
15 47.1224
16 48.2224
17 49.284
18 50.3098
19 51.3019
20 52.2622
21 53.1924
22 54.0941
23 54.9687
24 55.8174
25 56.6414
26 57.4418
27 58.2196
28 58.9756
29 59.7107
30 60.4257
31 61.1211
32 61.7978
33 62.4563
34 63.0972
35 63.721
36 64.3282
37 64.9193
38 65.4947
39 66.0549
40 66.6001
41 67.1308
42 67.6473
43 68.15
44 68.6391
45 69.1149
46 69.5778
47 70.0279
48 70.4655
49 70.8908
50 71.3041
51 71.7056
52 72.0954
53 72.4737
54 72.8408
55 73.1968
56 73.5418
57 73.8761
58 74.1997
59 74.5128
60 74.8155
61 75.108
62 75.3904
63 75.6627
64 75.9252
65 76.1778
66 76.4207
67 76.654
68 76.8778
69 77.0921
70 77.2971
71 77.4928
72 77.6793
73 77.8566
74 78.0248
75 78.1839
76 78.3341
77 78.4754
78 78.6078
79 78.7314
80 78.8461
81 78.9521
82 79.0494
83 79.138
84 79.218
85 79.2893
86 79.352
87 79.4061
88 79.4517
89 79.4886
90 79.5171
91 79.537
92 79.5484
93 79.5512
94 79.5456
95 79.5314
96 79.5087
97 79.4774
98 79.4376
99 79.3892
100 79.3323
101 79.2668
102 79.1926
103 79.1098
104 79.0183
105 78.9182
106 78.8093
107 78.6916
108 78.5652
109 78.4299
110 78.2857
111 78.1325
112 77.9704
113 77.7992
114 77.6189
115 77.4294
116 77.2306
117 77.0226
118 76.8052
119 76.5782
120 76.3418
121 76.0957
122 75.8398
123 75.5741
124 75.2985
125 75.0128
126 74.717
127 74.4108
128 74.0943
129 73.7672
130 73.4294
131 73.0808
132 72.7212
133 72.3504
134 71.9683
135 71.5746
136 71.1693
137 70.7521
138 70.3227
139 69.881
140 69.4268
141 68.9597
142 68.4795
143 67.986
144 67.4788
145 66.9576
146 66.4222
147 65.8721
148 65.3069
149 64.7264
150 64.1301
151 63.5174
152 62.8881
153 62.2414
154 61.577
155 60.8942
156 60.1924
157 59.4709
158 58.729
159 57.9659
160 57.1808
161 56.3727
162 55.5406
163 54.6835
164 53.8002
165 52.8893
166 51.9493
167 50.9788
168 49.9758
169 48.9384
170 47.8644
171 46.7513
172 45.5961
173 44.3956
174 43.146
175 41.843
176 40.4812
177 39.0547
178 37.556
179 35.9762
180 34.3039
181 32.525
182 30.6208
183 28.5664
184 26.3266
185 23.8491