0 11.3917
1 13.0113
2 14.4407
3 15.7318
4 16.9163
5 18.0152
6 19.0434
7 20.0117
8 20.9285
9 21.8003
10 22.6322
11 23.4286
12 24.1929
13 24.9281
14 25.6366
15 26.3207
16 26.9822
17 27.6228
18 28.2437
19 28.8464
20 29.4319
21 30.0013
22 30.5554
23 31.0951
24 31.621
25 32.1339
26 32.6345
27 33.1231
28 33.6004
29 34.0669
30 34.523
31 34.969
32 35.4054
33 35.8325
34 36.2507
35 36.6602
36 37.0614
37 37.4545
38 37.8397
39 38.2174
40 38.5876
41 38.9507
42 39.3068
43 39.6562
44 39.9989
45 40.3352
46 40.6653
47 40.9892
48 41.3071
49 41.6192
50 41.9255
51 42.2263
52 42.5216
53 42.8116
54 43.0963
55 43.3758
56 43.6504
57 43.9199
58 44.1846
59 44.4445
60 44.6998
61 44.9504
62 45.1965
63 45.4381
64 45.6754
65 45.9083
66 46.1369
67 46.3614
68 46.5818
69 46.798
70 47.0103
71 47.2185
72 47.4229
73 47.6234
74 47.8201
75 48.013
76 48.2023
77 48.3878
78 48.5697
79 48.748
80 48.9227
81 49.094
82 49.2617
83 49.426
84 49.5869
85 49.7444
86 49.8986
87 50.0495
88 50.197
89 50.3414
90 50.4824
91 50.6203
92 50.7551
93 50.8866
94 51.0151
95 51.1404
131 53.7305
132 53.7518
133 53.7704
134 53.7864
135 53.7997
136 53.8104
137 53.8184
138 53.8238
139 53.8266
140 53.8267
141 53.8242
142 53.819
143 53.8112
144 53.8008
145 53.7877
146 53.7719
147 53.7535
148 53.7325
149 53.7088
150 53.6825
151 53.6534
152 53.6218
153 53.5874
154 53.5504
155 53.5107
156 53.4683
157 53.4232
158 53.3754
159 53.3249
160 53.2717
161 53.2157
162 53.1571
163 53.0957
164 53.0315
165 52.9646
166 52.8949
167 52.8224
168 52.7471
169 52.669
170 52.5881
171 52.5044
172 52.4178
173 52.3284
174 52.2361
175 52.1409
176 52.0428
177 51.9418
178 51.8378
179 51.7309
180 51.621
181 51.5081
182 51.3922
183 51.2733
184 51.1513
185 51.0262
186 50.8981
187 50.7668
188 50.6323
189 50.4947
190 50.3539
191 50.2099
192 50.0626
193 49.912
194 49.7582
195 49.6009
196 49.4404
197 49.2763
198 49.1089
199 48.938
200 48.7635
201 48.5856
202 48.404
203 48.2188
204 48.0299
205 47.8373
206 47.6409
207 47.4408
208 47.2367
209 47.0288
210 46.8169
211 46.601
212 46.381
213 46.1569
214 45.9286
215 45.6961
216 45.4592
217 45.218
218 44.9723
219 44.7221
220 44.4672
221 44.2077
222 43.9435
223 43.6743
224 43.4003
225 43.1212
226 42.8369
227 42.5474
228 42.2526
229 41.9523
230 41.6464
231 41.3349
232 41.0175
233 40.6941
234 40.3646
235 40.0289
236 39.6867
237 39.3379
238 38.9824
239 38.62
240 38.2503
241 37.8733
242 37.4888
243 37.0964
244 36.696
245 36.2872
246 35.8698
247 35.4435
248 35.0079
249 34.5627
250 34.1076
251 33.642
252 33.1657
253 32.678
254 32.1786
255 31.6668
256 31.142
257 30.6036
258 30.0508
259 29.4828
260 28.8987
261 28.2976
262 27.6783
263 27.0396
264 26.38
265 25.6979
266 24.9916
267 24.2589
268 23.4973
269 22.7039
270 21.8752
271 21.0071
272 20.0946
273 19.1311
274 18.1086
275 17.0164
276 15.8402
277 14.5596
278 13.1441