0 11.6528
1 13.2511
2 14.6665
3 15.9479
4 17.1253
5 18.219
6 19.2431
7 20.2083
8 21.1227
9 21.9926
10 22.8231
11 23.6183
12 24.3817
13 25.1161
14 25.8242
15 26.5079
16 27.1692
17 27.8095
18 28.4304
19 29.0331
20 29.6187
21 30.1881
22 30.7423
23 31.2822
24 31.8083
25 32.3215
26 32.8222
27 33.3111
28 33.7887
29 34.2555
30 34.7118
31 35.1581
32 35.5948
33 36.0222
34 36.4406
35 36.8504
36 37.2519
37 37.6452
38 38.0307
39 38.4086
40 38.7791
41 39.1424
42 39.4988
43 39.8483
44 40.1913
45 40.5278
46 40.858
47 41.1821
48 41.5001
49 41.8124
50 42.1189
51 42.4198
52 42.7152
53 43.0052
54 43.29
55 43.5697
56 43.8442
57 44.1138
58 44.3786
59 44.6385
60 44.8938
61 45.1444
62 45.3904
63 45.632
64 45.8692
65 46.1021
66 46.3306
67 46.555
68 46.7752
69 46.9914
70 47.2035
71 47.4116
72 47.6158
73 47.8161
74 48.0126
75 48.2053
76 48.3943
77 48.5796
78 48.7612
79 48.9393
80 49.1137
81 49.2846
82 49.4521
83 49.616
84 49.7766
85 49.9337
86 50.0875
87 50.238
88 50.3851
89 50.529
90 50.6697
91 50.8071
128 53.8086
129 53.8367
130 53.8622
131 53.885
132 53.905
133 53.9225
134 53.9372
135 53.9493
136 53.9587
137 53.9655
138 53.9696
139 53.971
140 53.9698
141 53.9659
142 53.9593
143 53.9501
144 53.9382
145 53.9237
146 53.9065
147 53.8866
148 53.864
149 53.8388
150 53.8109
151 53.7803
152 53.747
153 53.711
154 53.6723
155 53.6309
156 53.5868
157 53.5399
158 53.4904
159 53.4381
160 53.3831
161 53.3253
162 53.2647
163 53.2014
164 53.1353
165 53.0665
166 52.9948
167 52.9203
168 52.843
169 52.7628
170 52.6798
171 52.5939
172 52.5052
173 52.4136
174 52.319
175 52.2216
176 52.1212
177 52.0178
178 51.9115
179 51.8022
180 51.6899
181 51.5745
182 51.4561
183 51.3346
184 51.2101
185 51.0824
186 50.9515
187 50.8175
188 50.6804
189 50.54
190 50.3963
191 50.2494
192 50.0992
193 49.9457
194 49.7888
195 49.6285
196 49.4648
197 49.2977
198 49.127
199 48.9528
200 48.7751
201 48.5937
202 48.4087
203 48.22
204 48.0276
205 47.8314
206 47.6314
207 47.4275
208 47.2197
209 47.0079
210 46.7921
211 46.5722
212 46.3481
213 46.1198
214 45.8873
215 45.6505
216 45.4092
217 45.1635
218 44.9133
219 44.6584
220 44.3988
221 44.1344
222 43.8652
223 43.591
224 43.3118
225 43.0274
226 42.7378
227 42.4428
228 42.1423
229 41.8362
230 41.5244
231 41.2068
232 40.8832
233 40.5535
234 40.2175
235 39.875
236 39.526
237 39.1702
238 38.8074
239 38.4374
240 38.0601
241 37.6752
242 37.2825
243 36.8817
244 36.4725
245 36.0548
246 35.6281
247 35.1921
248 34.7466
249 34.291
250 33.8251
251 33.3484
252 32.8603
253 32.3605
254 31.8484
255 31.3232
256 30.7845
257 30.2314
258 29.6631
259 29.0789
260 28.4775
261 27.8581
262 27.2193
263 26.5597
264 25.8778
265 25.1717
266 24.4393
267 23.6782
268 22.8856
269 22.058
270 21.1913
271 20.2806
272 19.3196
273 18.3003
274 17.2125
275 16.0421
276 14.7697
277 13.366