0 11.8392
1 13.4274
2 14.8369
3 16.1147
4 17.2899
5 18.3822
6 19.4057
7 20.3708
8 21.2853
9 22.1555
10 22.9865
11 23.7824
12 24.5466
13 25.2819
14 25.9909
15 26.6756
16 27.3378
17 27.9791
18 28.6011
19 29.2047
20 29.7913
21 30.3618
22 30.917
23 31.4579
24 31.985
25 32.4991
26 33.0008
27 33.4907
28 33.9692
29 34.4369
30 34.8941
31 35.3413
32 35.7788
33 36.207
34 36.6263
35 37.0369
36 37.4391
37 37.8332
38 38.2194
39 38.598
40 38.9692
41 39.3332
42 39.6902
43 40.0404
44 40.3839
45 40.721
46 41.0517
47 41.3764
48 41.695
49 42.0077
50 42.3147
51 42.616
52 42.9119
53 43.2023
54 43.4875
55 43.7675
56 44.0424
57 44.3124
58 44.5774
59 44.8376
60 45.0931
61 45.344
62 45.5903
63 45.8321
64 46.0695
65 46.3025
66 46.5312
67 46.7557
68 46.976
69 47.1923
70 47.4044
71 47.6126
72 47.8168
73 48.0172
74 48.2137
75 48.4063
76 48.5953
77 48.7805
78 48.9621
79 49.14
80 49.3143
81 49.4851
82 49.6524
83 49.8161
84 49.9765
85 50.1334
86 50.287
87 50.4372
88 50.584
124 53.8452
125 53.8831
126 53.9183
127 53.9507
128 53.9805
129 54.0075
130 54.0318
131 54.0535
132 54.0724
133 54.0886
134 54.1022
135 54.113
136 54.1212
137 54.1267
138 54.1295
139 54.1296
140 54.127
141 54.1218
142 54.1138
143 54.1032
144 54.0899
145 54.0739
146 54.0551
147 54.0337
148 54.0096
149 53.9828
150 53.9533
151 53.9211
152 53.8862
153 53.8485
154 53.8081
155 53.765
156 53.7191
157 53.6705
158 53.6191
159 53.565
160 53.5081
161 53.4484
162 53.3859
163 53.3207
164 53.2526
165 53.1817
166 53.108
167 53.0314
168 52.9519
169 52.8696
170 52.7845
171 52.6964
172 52.6054
173 52.5115
174 52.4146
175 52.3148
176 52.212
177 52.1063
178 51.9975
179 51.8856
180 51.7708
181 51.6528
182 51.5318
183 51.4077
184 51.2804
185 51.15
186 51.0163
187 50.8795
188 50.7395
189 50.5961
190 50.4495
191 50.2996
192 50.1463
193 49.9897
194 49.8296
195 49.6661
196 49.4992
197 49.3287
198 49.1546
199 48.977
200 48.7958
201 48.6109
202 48.4222
203 48.2299
204 48.0337
205 47.8337
206 47.6298
207 47.422
208 47.2101
209 46.9942
210 46.7742
211 46.5501
212 46.3217
213 46.0891
214 45.8521
215 45.6106
216 45.3647
217 45.1142
218 44.8591
219 44.5993
220 44.3346
221 44.0651
222 43.7906
223 43.511
224 43.2263
225 42.9363
226 42.6409
227 42.34
228 42.0335
229 41.7213
230 41.4032
231 41.079
232 40.7488
233 40.4123
234 40.0693
235 39.7196
236 39.3632
237 38.9998
238 38.6292
239 38.2513
240 37.8657
241 37.4723
242 37.0707
243 36.6609
244 36.2423
245 35.8149
246 35.3781
247 34.9317
248 34.4754
249 34.0086
250 33.531
251 33.0421
252 32.5414
253 32.0284
254 31.5023
255 30.9627
256 30.4087
257 29.8395
258 29.2543
259 28.6521
260 28.0317
261 27.392
262 26.7316
263 26.0489
264 25.342
265 24.609
266 23.8473
267 23.0542
268 22.2263
269 21.3595
270 20.4489
271 19.4883
272 18.4701
273 17.3839
274 16.2163
275 14.948
276 13.551