0 11.953
1 13.5417
2 14.9528
3 16.2328
4 17.4104
5 18.5054
6 19.5315
7 20.4992
8 21.4164
9 22.2892
10 23.1228
11 23.9212
12 24.6878
13 25.4255
14 26.1368
15 26.8238
16 27.4882
17 28.1318
18 28.7558
19 29.3615
20 29.9501
21 30.5225
22 31.0796
23 31.6223
24 32.1512
25 32.6671
26 33.1705
27 33.662
28 34.1421
29 34.6113
30 35.07
31 35.5187
32 35.9576
33 36.3872
34 36.8079
35 37.2198
36 37.6232
37 38.0186
38 38.406
39 38.7858
40 39.1581
41 39.5232
42 39.8812
43 40.2324
44 40.577
45 40.915
46 41.2467
47 41.5722
48 41.8917
49 42.2053
50 42.5131
51 42.8152
52 43.1118
53 43.403
54 43.6889
55 43.9696
56 44.2451
57 44.5157
58 44.7813
59 45.0421
60 45.2981
61 45.5495
62 45.7963
63 46.0385
64 46.2763
65 46.5098
66 46.7389
67 46.9637
68 47.1844
69 47.4009
70 47.6134
71 47.8218
72 48.0263
73 48.2268
74 48.4235
75 48.6163
76 48.8054
77 48.9908
78 49.1724
79 49.3504
80 49.5248
81 49.6956
82 49.8628
83 50.0266
84 50.1869
85 50.3438
121 53.9081
122 53.9533
123 53.9957
124 54.0354
125 54.0723
126 54.1065
127 54.1379
128 54.1666
129 54.1925
130 54.2158
131 54.2363
132 54.2541
133 54.2691
134 54.2815
135 54.2911
136 54.2981
137 54.3023
138 54.3038
139 54.3026
140 54.2986
141 54.292
142 54.2827
143 54.2706
144 54.2558
145 54.2383
146 54.2181
147 54.1952
148 54.1695
149 54.1411
150 54.11
151 54.0761
152 54.0395
153 54.0001
154 53.958
155 53.9131
156 53.8654
157 53.815
158 53.7617
159 53.7057
160 53.6469
161 53.5852
162 53.5208
163 53.4535
164 53.3834
165 53.3104
166 53.2345
167 53.1558
168 53.0742
169 52.9896
170 52.9022
171 52.8118
172 52.7185
173 52.6222
174 52.5229
175 52.4207
176 52.3154
177 52.2071
178 52.0957
179 51.9813
180 51.8638
181 51.7431
182 51.6194
183 51.4924
184 51.3623
185 51.229
186 51.0925
187 50.9527
188 50.8096
189 50.6632
190 50.5135
191 50.3604
192 50.2039
193 50.044
194 49.8806
195 49.7137
196 49.5433
197 49.3693
198 49.1917
199 49.0104
200 48.8255
201 48.6368
202 48.4444
203 48.2481
204 48.048
205 47.8439
206 47.6359
207 47.4239
208 47.2078
209 46.9876
210 46.7632
211 46.5346
212 46.3016
213 46.0643
214 45.8225
215 45.5762
216 45.3253
217 45.0698
218 44.8095
219 44.5444
220 44.2744
221 43.9994
222 43.7192
223 43.4339
224 43.1433
225 42.8473
226 42.5458
227 42.2386
228 41.9256
229 41.6068
230 41.2819
231 40.9509
232 40.6136
233 40.2697
234 39.9192
235 39.5619
236 39.1976
237 38.8261
238 38.4471
239 38.0605
240 37.666
241 37.2635
242 36.8525
243 36.4328
244 36.0042
245 35.5662
246 35.1186
247 34.661
248 34.1929
249 33.714
250 33.2237
251 32.7216
252 32.2072
253 31.6797
254 31.1385
255 30.583
256 30.0122
257 29.4255
258 28.8216
259 28.1996
260 27.5583
261 26.8961
262 26.2117
263 25.5031
264 24.7683
265 24.0049
266 23.2101
267 22.3805
268 21.512
269 20.5999
270 19.638
271 18.6186
272 17.5316
273 16.3636
274 15.0958
275 13.7006