0 11.9946
1 13.594
2 15.0142
3 16.3021
4 17.4869
5 18.5883
6 19.6204
7 20.5936
8 21.5159
9 22.3936
10 23.2318
11 24.0345
12 24.8053
13 25.5469
14 26.262
15 26.9526
16 27.6205
17 28.2673
18 28.8945
19 29.5033
20 30.0949
21 30.6702
22 31.2301
23 31.7754
24 32.3069
25 32.8253
26 33.3311
27 33.8249
28 34.3073
29 34.7787
30 35.2396
31 35.6904
32 36.1313
33 36.5629
34 36.9854
35 37.3992
36 37.8044
37 38.2015
38 38.5906
39 38.972
40 39.3459
41 39.7125
42 40.0721
43 40.4247
44 40.7707
45 41.1101
46 41.4431
47 41.7699
48 42.0906
49 42.4054
50 42.7143
51 43.0176
52 43.3153
53 43.6075
54 43.8944
55 44.176
56 44.4525
57 44.724
58 44.9905
59 45.2521
60 45.509
61 45.7611
62 46.0086
63 46.2516
64 46.4901
65 46.7242
66 46.9539
67 47.1793
68 47.4005
69 47.6176
70 47.8306
71 48.0395
72 48.2444
73 48.4453
74 48.6424
75 48.8356
76 49.025
77 49.2106
78 49.3925
79 49.5707
80 49.7453
81 49.9163
82 50.0838
118 53.9655
119 54.0182
120 54.0681
121 54.1153
122 54.1596
123 54.2011
124 54.2399
125 54.2759
126 54.3091
127 54.3395
128 54.3672
129 54.3921
130 54.4142
131 54.4337
132 54.4503
133 54.4642
134 54.4754
135 54.4838
136 54.4895
137 54.4924
138 54.4926
139 54.4901
140 54.4848
141 54.4768
142 54.4661
143 54.4526
144 54.4363
145 54.4173
146 54.3956
147 54.3711
148 54.3438
149 54.3138
150 54.281
151 54.2454
152 54.2071
153 54.166
154 54.1221
155 54.0754
156 54.0258
157 53.9735
158 53.9184
159 53.8604
160 53.7996
161 53.7359
162 53.6694
163 53.6001
164 53.5278
165 53.4526
166 53.3746
167 53.2936
168 53.2097
169 53.1229
170 53.0331
171 52.9403
172 52.8446
173 52.7458
174 52.644
175 52.5392
176 52.4313
177 52.3204
178 52.2063
179 52.0892
180 51.9689
181 51.8454
182 51.7188
183 51.5889
184 51.4558
185 51.3195
186 51.1799
187 51.037
188 50.8907
189 50.7411
190 50.5881
191 50.4317
192 50.2718
193 50.1084
194 49.9415
195 49.7711
196 49.597
197 49.4193
198 49.238
199 49.0529
200 48.8641
201 48.6714
202 48.4749
203 48.2746
204 48.0703
205 47.862
206 47.6496
207 47.4332
208 47.2126
209 46.9878
210 46.7587
211 46.5253
212 46.2874
213 46.0452
214 45.7983
215 45.5469
216 45.2907
217 45.0298
218 44.764
219 44.4933
220 44.2176
221 43.9367
222 43.6506
223 43.3592
224 43.0623
225 42.7599
226 42.4518
227 42.1379
228 41.8181
229 41.4922
230 41.1602
231 40.8217
232 40.4768
233 40.1251
234 39.7666
235 39.401
236 39.0282
237 38.648
238 38.26
239 37.8642
240 37.4601
241 37.0477
242 36.6265
243 36.1963
244 35.7567
245 35.3075
246 34.8481
247 34.3783
248 33.8976
249 33.4055
250 32.9015
251 32.385
252 31.8555
253 31.3123
254 30.7546
255 30.1817
256 29.5926
257 28.9864
258 28.3621
259 27.7182
260 27.0536
261 26.3665
262 25.6552
263 24.9176
264 24.1514
265 23.3536
266 22.521
267 21.6495
268 20.7342
269 19.769
270 18.7463
271 17.656
272 16.4848
273 15.2138
274 13.8158