0 11.9625
1 13.5832
2 15.0202
3 16.3218
4 17.5185
5 18.6303
6 19.6717
7 20.6534
8 21.5834
9 22.4683
10 23.3131
11 24.122
12 24.8986
13 25.6458
14 26.3661
15 27.0616
16 27.7343
17 28.3856
18 29.0172
19 29.6301
20 30.2256
21 30.8047
22 31.3683
23 31.9172
24 32.4521
25 32.9737
26 33.4827
27 33.9797
28 34.465
29 34.9393
30 35.4029
31 35.8564
32 36.3
33 36.7341
34 37.159
35 37.5752
36 37.9827
37 38.382
38 38.7733
39 39.1568
40 39.5328
41 39.9014
42 40.2628
43 40.6174
44 40.9651
45 41.3063
46 41.641
47 41.9694
48 42.2918
49 42.6081
50 42.9185
51 43.2233
52 43.5224
53 43.816
54 44.1042
55 44.3871
56 44.6649
57 44.9375
58 45.2052
59 45.4679
60 45.7258
61 45.979
62 46.2275
63 46.4715
64 46.7109
65 46.9459
66 47.1764
67 47.4027
68 47.6247
69 47.8425
70 48.0562
71 48.2658
72 48.4713
73 48.6729
74 48.8705
75 49.0643
76 49.2542
77 49.4403
78 49.6227
115 54.0163
116 54.0769
117 54.1346
118 54.1895
119 54.2415
120 54.2906
121 54.337
122 54.3805
123 54.4212
124 54.459
125 54.4941
126 54.5264
127 54.5558
128 54.5825
129 54.6064
130 54.6275
131 54.6458
132 54.6613
133 54.6741
134 54.6841
135 54.6913
136 54.6958
137 54.6974
138 54.6963
139 54.6925
140 54.6858
141 54.6764
142 54.6642
143 54.6493
144 54.6316
145 54.611
146 54.5877
147 54.5616
148 54.5328
149 54.5011
150 54.4666
151 54.4293
152 54.3892
153 54.3463
154 54.3006
155 54.252
156 54.2006
157 54.1463
158 54.0892
159 54.0292
160 53.9664
161 53.9007
162 53.832
163 53.7605
164 53.686
165 53.6086
166 53.5283
167 53.445
168 53.3588
169 53.2695
170 53.1773
171 53.082
172 52.9837
173 52.8824
174 52.778
175 52.6705
176 52.5599
177 52.4462
178 52.3294
179 52.2093
180 52.0861
181 51.9597
182 51.8301
183 51.6972
184 51.561
185 51.4215
186 51.2787
187 51.1325
188 50.9829
189 50.8299
190 50.6734
191 50.5135
192 50.35
193 50.183
194 50.0124
195 49.8382
196 49.6603
197 49.4788
198 49.2934
199 49.1043
200 48.9114
201 48.7145
202 48.5138
203 48.3091
204 48.1004
205 47.8876
206 47.6706
207 47.4495
208 47.2241
209 46.9945
210 46.7604
211 46.5219
212 46.279
213 46.0314
214 45.7792
215 45.5223
216 45.2605
217 44.9939
218 44.7223
219 44.4456
220 44.1638
221 43.8767
222 43.5842
223 43.2863
224 42.9828
225 42.6735
226 42.3584
227 42.0374
228 41.7102
229 41.3768
230 41.037
231 40.6907
232 40.3376
233 39.9776
234 39.6105
235 39.2361
236 38.8542
237 38.4645
238 38.0669
239 37.6611
240 37.2468
241 36.8237
242 36.3915
243 35.95
244 35.4986
245 35.0372
246 34.5651
247 34.0821
248 33.5877
249 33.0812
250 32.5623
251 32.0302
252 31.4843
253 30.9239
254 30.3481
255 29.7561
256 29.1469
257 28.5193
258 27.8722
259 27.2042
260 26.5136
261 25.7987
262 25.0573
263 24.2871
264 23.4851
265 22.6482
266 21.7721
267 20.852
268 19.8817
269 18.8536
270 17.7575
271 16.5801
272 15.3024
273 13.897