0 11.8534
1 13.5069
2 14.9687
3 16.2904
4 17.5039
5 18.6303
6 19.6845
7 20.6777
8 21.6181
9 22.5125
10 23.366
11 24.1831
12 24.9674
13 25.7217
14 26.4487
15 27.1506
16 27.8293
17 28.4864
18 29.1233
19 29.7415
20 30.342
21 30.9259
22 31.4941
23 32.0474
24 32.5865
25 33.1123
26 33.6252
27 34.1259
28 34.615
29 35.0928
30 35.5599
31 36.0166
32 36.4635
33 36.9007
34 37.3287
35 37.7477
36 38.1581
37 38.5602
38 38.9541
39 39.3402
40 39.7187
41 40.0897
42 40.4536
43 40.8104
44 41.1604
45 41.5037
46 41.8405
47 42.171
48 42.4953
49 42.8135
50 43.1258
51 43.4324
52 43.7332
53 44.0285
54 44.3184
55 44.6029
56 44.8822
57 45.1564
58 45.4255
59 45.6897
60 45.9489
61 46.2034
62 46.4532
63 46.6984
64 46.939
65 47.1751
66 47.4068
67 47.6341
68 47.8571
69 48.0759
70 48.2905
71 48.501
72 48.7074
73 48.9098
74 49.1082
75 49.3027
111 53.9878
112 54.0595
113 54.1282
114 54.194
115 54.2569
116 54.3169
117 54.374
118 54.4282
119 54.4795
120 54.5279
121 54.5735
122 54.6162
123 54.6561
124 54.6931
125 54.7273
126 54.7586
127 54.7872
128 54.8128
129 54.8357
130 54.8558
131 54.873
132 54.8875
133 54.8991
134 54.9079
135 54.9139
136 54.9171
137 54.9175
138 54.9151
139 54.9099
140 54.9019
141 54.8911
142 54.8775
143 54.861
144 54.8418
145 54.8197
146 54.7948
147 54.7671
148 54.7366
149 54.7032
150 54.667
151 54.628
152 54.5861
153 54.5413
154 54.4937
155 54.4432
156 54.3899
157 54.3336
158 54.2745
159 54.2124
160 54.1474
161 54.0796
162 54.0087
163 53.9349
164 53.8582
165 53.7785
166 53.6958
167 53.6101
168 53.5214
169 53.4297
170 53.3349
171 53.237
172 53.1361
173 53.0321
174 52.9249
175 52.8147
176 52.7012
177 52.5846
178 52.4649
179 52.3419
180 52.2156
181 52.0861
182 51.9533
183 51.8172
184 51.6778
185 51.5349
186 51.3887
187 51.2391
188 51.086
189 50.9295
190 50.7694
191 50.6058
192 50.4386
193 50.2677
194 50.0932
195 49.915
196 49.7331
197 49.5474
198 49.3579
199 49.1645
200 48.9673
201 48.766
202 48.5608
203 48.3515
204 48.1381
205 47.9205
206 47.6987
207 47.4726
208 47.2422
209 47.0074
210 46.7681
211 46.5242
212 46.2758
213 46.0227
214 45.7648
215 45.502
216 45.2343
217 44.9616
218 44.6838
219 44.4008
220 44.1125
221 43.8188
222 43.5195
223 43.2147
224 42.904
225 42.5875
226 42.265
227 41.9363
228 41.6013
229 41.2598
230 40.9118
231 40.557
232 40.1952
233 39.8262
234 39.4499
235 39.066
236 38.6744
237 38.2747
238 37.8667
239 37.4502
240 37.0248
241 36.5902
242 36.1462
243 35.6924
244 35.2283
245 34.7536
246 34.2679
247 33.7705
248 33.2612
249 32.7392
250 32.2039
251 31.6548
252 31.091
253 30.5117
254 29.9161
255 29.3031
256 28.6717
257 28.0205
258 27.3482
259 26.6532
260 25.9336
261 25.1874
262 24.4121
263 23.6048
264 22.7621
265 21.8799
266 20.9534
267 19.9762
268 18.9405
269 17.8362
270 16.6497
271 15.3618
272 13.9444