0 11.6621
1 13.3612
2 14.8569
3 16.2055
4 17.4412
5 18.5865
6 19.6573
7 20.6651
8 21.6188
9 22.5251
10 23.3897
11 24.217
12 25.0107
13 25.7738
14 26.5092
15 27.2189
16 27.9049
17 28.569
18 29.2126
19 29.8372
20 30.4437
21 31.0334
22 31.6071
23 32.1657
24 32.71
25 33.2406
26 33.7583
27 34.2636
28 34.757
29 35.2391
30 35.7103
31 36.171
32 36.6217
33 37.0626
34 37.4942
35 37.9168
36 38.3305
37 38.7359
38 39.133
39 39.5222
40 39.9036
41 40.2776
42 40.6442
43 41.0038
44 41.3565
45 41.7024
46 42.0417
47 42.3746
48 42.7013
49 43.0218
50 43.3364
51 43.6451
52 43.948
53 44.2454
54 44.5372
55 44.8237
56 45.1048
57 45.3808
58 45.6516
59 45.9175
60 46.1784
61 46.4345
62 46.6858
63 46.9325
64 47.1745
65 47.412
66 47.645
67 47.8737
68 48.0979
69 48.3179
70 48.5337
71 48.7453
72 48.9528
108 54.0132
109 54.0935
110 54.1708
111 54.245
112 54.3163
113 54.3846
114 54.4499
115 54.5123
116 54.5717
117 54.6282
118 54.6818
119 54.7325
120 54.7803
121 54.8251
122 54.8671
123 54.9062
124 54.9424
125 54.9757
126 55.0062
127 55.0338
128 55.0585
129 55.0804
130 55.0994
131 55.1156
132 55.1289
133 55.1394
134 55.1471
135 55.1519
136 55.1539
137 55.153
138 55.1493
139 55.1427
140 55.1333
141 55.1211
142 55.106
143 55.0881
144 55.0673
145 55.0436
146 55.0171
147 54.9878
148 54.9555
149 54.9205
150 54.8825
151 54.8416
152 54.7979
153 54.7512
154 54.7017
155 54.6492
156 54.5938
157 54.5355
158 54.4743
159 54.4101
160 54.3429
161 54.2728
162 54.1997
163 54.1236
164 54.0445
165 53.9624
166 53.8772
167 53.789
168 53.6978
169 53.6034
170 53.506
171 53.4054
172 53.3018
173 53.1949
174 53.085
175 52.9718
176 52.8554
177 52.7358
178 52.6129
179 52.4868
180 52.3574
181 52.2246
182 52.0885
183 51.9491
184 51.8062
185 51.6599
186 51.5101
187 51.3569
188 51.2001
189 51.0398
190 50.8759
191 50.7084
192 50.5373
193 50.3624
194 50.1838
195 50.0015
196 49.8153
197 49.6253
198 49.4313
199 49.2335
200 49.0316
201 48.8257
202 48.6157
203 48.4015
204 48.1832
205 47.9605
206 47.7336
207 47.5023
208 47.2665
209 47.0262
210 46.7814
211 46.5319
212 46.2776
213 46.0186
214 45.7546
215 45.4857
216 45.2117
217 44.9326
218 44.6482
219 44.3584
220 44.0632
221 43.7624
222 43.4559
223 43.1437
224 42.8255
225 42.5012
226 42.1707
227 41.8338
228 41.4905
229 41.1404
230 40.7836
231 40.4197
232 40.0485
233 39.67
234 39.2838
235 38.8898
236 38.4877
237 38.0772
238 37.658
239 37.23
240 36.7927
241 36.3458
242 35.889
243 35.4219
244 34.944
245 34.455
246 33.9544
247 33.4415
248 32.9159
249 32.377
250 31.824
251 31.2562
252 30.6728
253 30.0728
254 29.4554
255 28.8193
256 28.1632
257 27.4858
258 26.7854
259 26.0602
260 25.3081
261 24.5265
262 23.7126
263 22.8628
264 21.9731
265 21.0384
266 20.0524
267 19.0071
268 17.892
269 16.6934
270 15.3915
271 13.9576