0 13.1406
1 14.6805
2 16.0636
3 17.3275
4 18.4966
5 19.588
6 20.614
7 21.5838
8 22.5049
9 23.3828
10 24.2224
11 25.0275
12 25.8013
13 26.5465
14 27.2656
15 27.9604
16 28.6328
17 29.2844
18 29.9164
19 30.5301
20 31.1266
21 31.7069
22 32.2717
23 32.822
24 33.3585
25 33.8817
26 34.3923
27 34.8909
28 35.378
29 35.854
30 36.3193
31 36.7745
32 37.2198
33 37.6556
34 38.0822
35 38.4999
36 38.9091
37 39.3099
38 39.7027
39 40.0876
40 40.465
41 40.8349
42 41.1976
43 41.5534
44 41.9023
45 42.2446
46 42.5803
47 42.9098
48 43.233
49 43.5501
50 43.8614
51 44.1668
52 44.4665
53 44.7607
54 45.0494
55 45.3327
56 45.6108
57 45.8837
58 46.1516
59 46.4144
60 46.6724
61 46.9256
62 47.174
63 47.4177
64 47.6569
65 47.8915
66 48.1216
67 48.3474
68 48.5688
104 54.0276
105 54.1169
106 54.2031
107 54.2862
108 54.3662
109 54.4432
110 54.5171
111 54.5881
112 54.656
113 54.7209
114 54.7828
115 54.8418
116 54.8978
117 54.9508
118 55.0009
119 55.048
120 55.0922
121 55.1334
122 55.1718
123 55.2072
124 55.2397
125 55.2693
126 55.296
127 55.3198
128 55.3407
129 55.3587
130 55.3738
131 55.3861
132 55.3955
133 55.4019
134 55.4055
135 55.4063
136 55.4041
137 55.3991
138 55.3911
139 55.3803
140 55.3667
141 55.3501
142 55.3306
143 55.3083
144 55.283
145 55.2549
146 55.2238
147 55.1899
148 55.153
149 55.1132
150 55.0705
151 55.0249
152 54.9763
153 54.9247
154 54.8702
155 54.8128
156 54.7523
157 54.6889
158 54.6225
159 54.5531
160 54.4807
161 54.4052
162 54.3267
163 54.2451
164 54.1605
165 54.0728
166 53.982
167 53.8881
168 53.791
169 53.6908
170 53.5874
171 53.4809
172 53.3711
173 53.2582
174 53.142
175 53.0225
176 52.8997
177 52.7736
178 52.6442
179 52.5115
180 52.3753
181 52.2358
182 52.0928
183 51.9463
184 51.7964
185 51.6429
186 51.4858
187 51.3252
188 51.161
189 50.9931
190 50.8215
191 50.6461
192 50.467
193 50.2841
194 50.0974
195 49.9067
196 49.7121
197 49.5135
198 49.3109
199 49.1042
200 48.8933
201 48.6783
202 48.459
203 48.2354
204 48.0075
205 47.7751
206 47.5382
207 47.2968
208 47.0508
209 46.8
210 46.5444
211 46.284
212 46.0187
213 45.7483
214 45.4729
215 45.1922
216 44.9062
217 44.6148
218 44.3178
219 44.0153
220 43.707
221 43.3928
222 43.0727
223 42.7464
224 42.4138
225 42.0748
226 41.7293
227 41.377
228 41.0178
229 40.6514
230 40.2778
231 39.8967
232 39.5079
233 39.1112
234 38.7062
235 38.2928
236 37.8707
237 37.4395
238 36.9991
239 36.5489
240 36.0887
241 35.6181
242 35.1367
243 34.6439
244 34.1394
245 33.6225
246 33.0928
247 32.5496
248 31.9921
249 31.4197
250 30.8314
251 30.2265
252 29.6038
253 28.9622
254 28.3004
255 27.617
256 26.9104
257 26.1785
258 25.4194
259 24.6304
260 23.8085
261 22.9503
262 22.0516
263 21.107
264 20.1102
265 19.0529
266 17.9246
267 16.7107
268 15.3911
269 13.9358