0 12.8374
1 14.4339
2 15.8603
3 17.1592
4 18.3576
5 19.474
6 20.5219
7 21.5113
8 22.4499
9 23.3438
10 24.198
11 25.0165
12 25.8028
13 26.5598
14 27.2897
15 27.9949
16 28.677
17 29.3378
18 29.9785
19 30.6006
20 31.205
21 31.7928
22 32.3649
23 32.9222
24 33.4653
25 33.9949
26 34.5117
27 35.0163
28 35.509
29 35.9906
30 36.4613
31 36.9216
32 37.3718
33 37.8124
34 38.2437
35 38.666
36 39.0795
37 39.4846
38 39.8815
39 40.2705
40 40.6517
41 41.0254
42 41.3918
43 41.7511
44 42.1035
45 42.4491
46 42.7882
47 43.1208
48 43.4471
49 43.7672
50 44.0813
51 44.3896
52 44.6921
53 44.9889
54 45.2802
55 45.566
56 45.8466
57 46.1219
58 46.392
59 46.6571
60 46.9173
61 47.1725
62 47.423
63 47.6687
64 47.9098
65 48.1463
101 54.0291
102 54.1279
103 54.2234
104 54.3158
105 54.405
106 54.4911
107 54.5741
108 54.654
109 54.7308
110 54.8045
111 54.8752
112 54.9428
113 55.0073
114 55.0689
115 55.1274
116 55.1829
117 55.2354
118 55.2849
119 55.3314
120 55.375
121 55.4156
122 55.4532
123 55.4878
124 55.5195
125 55.5483
126 55.5741
127 55.597
128 55.617
129 55.634
130 55.6481
131 55.6592
132 55.6675
133 55.6728
134 55.6752
135 55.6746
136 55.6712
137 55.6648
138 55.6555
139 55.6433
140 55.6281
141 55.6101
142 55.5891
143 55.5651
144 55.5382
145 55.5084
146 55.4756
147 55.4399
148 55.4012
149 55.3595
150 55.3149
151 55.2673
152 55.2167
153 55.1631
154 55.1065
155 55.0469
156 54.9843
157 54.9186
158 54.8499
159 54.7781
160 54.7033
161 54.6254
162 54.5444
163 54.4603
164 54.373
165 54.2827
166 54.1891
167 54.0924
168 53.9925
169 53.8895
170 53.7832
171 53.6736
172 53.5608
173 53.4447
174 53.3253
175 53.2026
176 53.0765
177 52.9471
178 52.8142
179 52.678
180 52.5383
181 52.3951
182 52.2484
183 52.0982
184 51.9444
185 51.787
186 51.6259
187 51.4612
188 51.2929
189 51.1207
190 50.9448
191 50.7651
192 50.5815
193 50.3941
194 50.2027
195 50.0073
196 49.8079
197 49.6043
198 49.3967
199 49.1849
200 48.9688
201 48.7485
202 48.5238
203 48.2947
204 48.0611
205 47.8229
206 47.5802
207 47.3327
208 47.0805
209 46.8235
210 46.5616
211 46.2947
212 46.0227
213 45.7455
214 45.463
215 45.1752
216 44.8819
217 44.583
218 44.2785
219 43.9681
220 43.6518
221 43.3295
222 43.0009
223 42.666
224 42.3246
225 41.9766
226 41.6217
227 41.2598
228 40.8908
229 40.5144
230 40.1304
231 39.7386
232 39.3387
233 38.9306
234 38.5139
235 38.0884
236 37.6538
237 37.2097
238 36.7558
239 36.2918
240 35.8172
241 35.3317
242 34.8347
243 34.3258
244 33.8044
245 33.2699
246 32.7218
247 32.1592
248 31.5815
249 30.9878
250 30.3771
251 29.7484
252 29.1006
253 28.4322
254 27.742
255 27.028
256 26.2886
257 25.5213
258 24.7236
259 23.8926
260 23.0245
261 22.115
262 21.1588
263 20.1492
264 19.0777
265 17.9334
266 16.701
267 15.3597
268 13.8776