0 22.0958
1 24.6459
2 26.9322
3 29.0171
4 30.9414
5 32.7334
6 34.4138
7 35.9982
8 37.4987
9 38.9252
10 40.2854
11 41.5858
12 42.832
13 44.0284
14 45.1791
15 46.2875
16 47.3565
17 48.3888
18 49.3866
19 50.352
20 51.2869
21 52.1928
22 53.0713
23 53.9236
24 54.7511
25 55.5548
26 56.3358
27 57.0949
28 57.8331
29 58.5511
30 59.2497
31 59.9295
32 60.5912
33 61.2353
34 61.8625
35 62.4731
36 63.0678
37 63.6469
38 64.2109
39 64.7602
40 65.2951
41 65.816
42 66.3232
43 66.817
44 67.2978
45 67.7657
46 68.2211
47 68.6643
48 69.0953
49 69.5146
50 69.9222
51 70.3185
52 70.7035
53 71.0775
54 71.4406
55 71.793
56 72.1349
57 72.4664
58 72.7876
59 73.0987
60 73.3998
61 73.6911
62 73.9726
63 74.2445
64 74.5069
65 74.7598
66 75.0034
67 75.2377
68 75.4629
69 75.679
70 75.8861
71 76.0843
72 76.2736
73 76.4541
74 76.6259
75 76.7891
76 76.9436
77 77.0896
78 77.227
79 77.356
80 77.4765
81 77.5887
82 77.6925
83 77.788
84 77.8752
85 77.9541
86 78.0248
87 78.0873
88 78.1416
89 78.1878
90 78.2257
91 78.2556
92 78.2772
93 78.2908
94 78.2962
95 78.2935
96 78.2827
97 78.2637
98 78.2366
99 78.2014
100 78.158
101 78.1064
102 78.0466
103 77.9787
104 77.9025
105 77.818
106 77.7253
107 77.6243
108 77.5149
109 77.3972
110 77.271
111 77.1364
112 76.9933
113 76.8417
114 76.6814
115 76.5125
116 76.3349
117 76.1485
118 75.9533
119 75.7492
120 75.5361
121 75.314
122 75.0827
123 74.8422
124 74.5925
125 74.3333
126 74.0646
127 73.7863
128 73.4983
129 73.2005
130 72.8927
131 72.5749
132 72.2468
133 71.9084
134 71.5596
135 71.2
136 70.8297
137 70.4484
138 70.056
139 69.6521
140 69.2368
141 68.8097
142 68.3706
143 67.9193
144 67.4556
145 66.9791
146 66.4897
147 65.987
148 65.4707
149 64.9406
150 64.3962
151 63.8371
152 63.2631
153 62.6737
154 62.0684
155 61.4468
156 60.8084
157 60.1526
158 59.479
159 58.7867
160 58.0753
161 57.344
162 56.5919
163 55.8184
164 55.0224
165 54.203
166 53.359
167 52.4894
168 51.5928
169 50.6678
170 49.7128
171 48.7261
172 47.7056
173 46.6491
174 45.5542
175 44.418
176 43.2372
177 42.0082
178 40.7264
179 39.3869
180 37.9834
181 36.5085
182 34.9534
183 33.3066
184 31.554
185 29.6766
186 27.6492
187 25.4358