0 12.441
1 14.1095
2 15.5899
3 16.9316
4 18.1654
5 19.312
6 20.3861
7 21.3986
8 22.3579
9 23.2705
10 24.1418
11 24.9761
12 25.777
13 26.5474
14 27.2901
15 28.0071
16 28.7004
17 29.3718
18 30.0226
19 30.6542
20 31.2677
21 31.8642
22 32.4446
23 33.0097
24 33.5605
25 34.0974
26 34.6212
27 35.1325
28 35.6318
29 36.1196
30 36.5964
31 37.0626
32 37.5185
33 37.9646
34 38.4012
35 38.8286
36 39.2471
37 39.657
38 40.0586
39 40.4521
40 40.8377
41 41.2157
42 41.5863
43 41.9496
44 42.3059
45 42.6553
46 42.9981
47 43.3342
48 43.664
49 43.9876
50 44.305
51 44.6165
52 44.9221
53 45.2219
54 45.5162
55 45.8049
56 46.0882
57 46.3662
58 46.639
59 46.9066
60 47.1693
61 47.4269
62 47.6797
98 54.0157
99 54.1244
100 54.2298
101 54.332
102 54.4309
103 54.5266
104 54.619
105 54.7083
106 54.7945
107 54.8774
108 54.9572
109 55.0339
110 55.1075
111 55.1779
112 55.2453
113 55.3095
114 55.3707
115 55.4289
116 55.484
117 55.536
118 55.585
119 55.631
120 55.6739
121 55.7139
122 55.7508
123 55.7847
124 55.8157
125 55.8436
126 55.8686
127 55.8905
128 55.9095
129 55.9256
130 55.9386
131 55.9487
132 55.9558
133 55.96
134 55.9611
135 55.9593
136 55.9546
137 55.9469
138 55.9362
139 55.9225
140 55.9058
141 55.8862
142 55.8636
143 55.8381
144 55.8095
145 55.7779
146 55.7434
147 55.7058
148 55.6653
149 55.6217
150 55.5751
151 55.5255
152 55.4728
153 55.4171
154 55.3583
155 55.2965
156 55.2316
157 55.1636
158 55.0925
159 55.0183
160 54.941
161 54.8605
162 54.7769
163 54.6901
164 54.6002
165 54.507
166 54.4106
167 54.3111
168 54.2082
169 54.1021
170 53.9927
171 53.8801
172 53.7641
173 53.6447
174 53.522
175 53.3959
176 53.2663
177 53.1334
178 52.9969
179 52.857
180 52.7135
181 52.5665
182 52.416
183 52.2618
184 52.1039
185 51.9424
186 51.7772
187 51.6082
188 51.4355
189 51.2589
190 51.0785
191 50.8941
192 50.7058
193 50.5136
194 50.3173
195 50.1169
196 49.9124
197 49.7037
198 49.4907
199 49.2735
200 49.0519
201 48.8259
202 48.5955
203 48.3605
204 48.121
205 47.8767
206 47.6277
207 47.3739
208 47.1153
209 46.8516
210 46.5829
211 46.309
212 46.0299
213 45.7455
214 45.4557
215 45.1603
216 44.8592
217 44.5524
218 44.2397
219 43.9211
220 43.5962
221 43.2651
222 42.9276
223 42.5835
224 42.2327
225 41.8749
226 41.5101
227 41.138
228 40.7585
229 40.3712
230 39.9761
231 39.5728
232 39.1611
233 38.7408
234 38.3115
235 37.873
236 37.4249
237 36.9669
238 36.4985
239 36.0195
240 35.5294
241 35.0276
242 34.5138
243 33.9873
244 33.4475
245 32.8939
246 32.3256
247 31.7419
248 31.142
249 30.5248
250 29.8894
251 29.2344
252 28.5587
253 27.8606
254 27.1384
255 26.3902
256 25.6136
257 24.8061
258 23.9645
259 23.085
260 22.1632
261 21.1934
262 20.1689
263 19.0808
264 17.9176
265 16.6633
266 15.2959
267 13.7814