0 11.9369
1 13.6973
2 15.2448
3 16.6388
4 17.9153
5 19.0979
6 20.2029
7 21.2426
8 22.2261
9 23.1606
10 24.0517
11 24.9042
12 25.7218
13 26.5079
14 27.265
15 27.9957
16 28.7018
17 29.3852
18 30.0475
19 30.6899
20 31.3137
21 31.92
22 32.5098
23 33.084
24 33.6433
25 34.1885
26 34.7203
27 35.2392
28 35.7458
29 36.2407
30 36.7243
31 37.1971
32 37.6594
33 38.1116
34 38.5542
35 38.9874
36 39.4115
37 39.8268
38 40.2336
39 40.6322
40 41.0228
41 41.4056
42 41.7808
43 42.1487
44 42.5094
45 42.8631
46 43.2099
47 43.5502
48 43.8839
49 44.2112
50 44.5324
51 44.8474
52 45.1565
53 45.4598
54 45.7573
55 46.0493
56 46.3357
57 46.6168
58 46.8925
59 47.163
95 53.9849
96 54.1042
97 54.22
98 54.3325
99 54.4417
100 54.5475
101 54.65
102 54.7492
103 54.8451
104 54.9378
105 55.0272
106 55.1135
107 55.1965
108 55.2763
109 55.3529
110 55.4264
111 55.4967
112 55.5639
113 55.6279
114 55.6888
115 55.7466
116 55.8014
117 55.853
118 55.9015
119 55.947
120 55.9894
121 56.0287
122 56.065
123 56.0982
124 56.1284
125 56.1555
126 56.1797
127 56.2007
128 56.2188
129 56.2339
130 56.2459
131 56.2549
132 56.2609
133 56.2638
134 56.2638
135 56.2607
136 56.2546
137 56.2455
138 56.2334
139 56.2183
140 56.2001
141 56.1789
142 56.1547
143 56.1275
144 56.0972
145 56.0639
146 56.0275
147 55.9881
148 55.9456
149 55.9
150 55.8514
151 55.7997
152 55.7448
153 55.6869
154 55.6259
155 55.5618
156 55.4945
157 55.4241
158 55.3505
159 55.2738
160 55.1939
161 55.1108
162 55.0244
163 54.9349
164 54.8421
165 54.7461
166 54.6468
167 54.5442
168 54.4382
169 54.329
170 54.2164
171 54.1004
172 53.9811
173 53.8583
174 53.7321
175 53.6024
176 53.4693
177 53.3326
178 53.1924
179 53.0486
180 52.9012
181 52.7502
182 52.5955
183 52.4372
184 52.2751
185 52.1092
186 51.9396
187 51.7661
188 51.5888
189 51.4075
190 51.2223
191 51.0331
192 50.8398
193 50.6425
194 50.441
195 50.2354
196 50.0255
197 49.8113
198 49.5928
199 49.3698
200 49.1424
201 48.9105
202 48.674
203 48.4328
204 48.1869
205 47.9362
206 47.6806
207 47.4201
208 47.1545
209 46.8838
210 46.6079
211 46.3267
212 46.0401
213 45.7479
214 45.4502
215 45.1468
216 44.8375
217 44.5222
218 44.2009
219 43.8733
220 43.5394
221 43.199
222 42.8519
223 42.498
224 42.1371
225 41.769
226 41.3935
227 41.0105
228 40.6196
229 40.2208
230 39.8137
231 39.3981
232 38.9737
233 38.5402
234 38.0974
235 37.6448
236 37.1822
237 36.7091
238 36.2251
239 35.7299
240 35.2228
241 34.7035
242 34.1713
243 33.6257
244 33.0659
245 32.4912
246 31.9009
247 31.2941
248 30.6697
249 30.0266
250 29.3638
251 28.6797
252 27.9728
253 27.2413
254 26.4832
255 25.6962
256 24.8775
257 24.0239
258 23.1315
259 22.1955
260 21.2104
261 20.1687
262 19.0614
263 17.8762
264 16.5963
265 15.198
266 13.6448