0 13.1837
1 14.8151
2 16.2732
3 17.6011
4 18.8264
5 19.9681
6 21.0396
7 22.0513
8 23.011
9 23.925
10 24.7984
11 25.6352
12 26.4391
13 27.2128
14 27.9589
15 28.6796
16 29.3767
17 30.0518
18 30.7065
19 31.3419
20 31.9593
21 32.5597
22 33.1439
23 33.7129
24 34.2674
25 34.808
26 35.3355
27 35.8504
28 36.3532
29 36.8444
30 37.3245
31 37.794
32 38.2531
33 38.7023
34 39.1419
35 39.5723
36 39.9937
37 40.4063
38 40.8106
39 41.2067
40 41.5948
41 41.9753
42 42.3482
43 42.7137
44 43.0722
45 43.4237
46 43.7684
47 44.1065
48 44.4381
49 44.7634
50 45.0824
51 45.3954
52 45.7025
53 46.0037
54 46.2993
91 53.9342
92 54.0647
93 54.1916
94 54.315
95 54.435
96 54.5515
97 54.6646
98 54.7743
99 54.8806
100 54.9836
101 55.0832
102 55.1795
103 55.2724
104 55.3621
105 55.4485
106 55.5317
107 55.6116
108 55.6882
109 55.7617
110 55.8319
111 55.899
112 55.9629
113 56.0236
114 56.0811
115 56.1355
116 56.1867
117 56.2348
118 56.2798
119 56.3217
120 56.3605
121 56.3961
122 56.4287
123 56.4581
124 56.4845
125 56.5078
126 56.528
127 56.5452
128 56.5592
129 56.5702
130 56.5781
131 56.583
132 56.5848
133 56.5835
134 56.5791
135 56.5717
136 56.5612
137 56.5477
138 56.531
139 56.5113
140 56.4885
141 56.4627
142 56.4337
143 56.4017
144 56.3665
145 56.3283
146 56.2869
147 56.2424
148 56.1948
149 56.1441
150 56.0902
151 56.0332
152 55.973
153 55.9096
154 55.8431
155 55.7734
156 55.7005
157 55.6243
158 55.5449
159 55.4623
160 55.3765
161 55.2873
162 55.1949
163 55.0991
164 55.0001
165 54.8977
166 54.7919
167 54.6828
168 54.5702
169 54.4543
170 54.3349
171 54.212
172 54.0857
173 53.9558
174 53.8224
175 53.6854
176 53.5449
177 53.4007
178 53.2529
179 53.1014
180 52.9461
181 52.7872
182 52.6244
183 52.4579
184 52.2875
185 52.1132
186 51.9349
187 51.7528
188 51.5666
189 51.3763
190 51.182
191 50.9835
192 50.7808
193 50.5738
194 50.3626
195 50.147
196 49.927
197 49.7026
198 49.4736
199 49.24
200 49.0018
201 48.7589
202 48.5111
203 48.2585
204 48.001
205 47.7384
206 47.4707
207 47.1978
208 46.9196
209 46.6361
210 46.3471
211 46.0525
212 45.7521
213 45.446
214 45.134
215 44.8159
216 44.4917
217 44.1611
218 43.8241
219 43.4805
220 43.1301
221 42.7728
222 42.4084
223 42.0367
224 41.6575
225 41.2707
226 40.8759
227 40.473
228 40.0617
229 39.6418
230 39.2129
231 38.7748
232 38.3272
233 37.8697
234 37.402
235 36.9237
236 36.4343
237 35.9334
238 35.4205
239 34.8951
240 34.3567
241 33.8045
242 33.238
243 32.6563
244 32.0586
245 31.4441
246 30.8116
247 30.1602
248 29.4885
249 28.7951
250 28.0784
251 27.3366
252 26.5676
253 25.7688
254 24.9376
255 24.0705
256 23.1634
257 22.2116
258 21.2089
259 20.1477
260 19.0184
261 17.8079
262 16.4983
263 15.0639