0 12.5499
1 14.2878
2 15.8249
3 17.215
4 18.4914
5 19.6761
6 20.7849
7 21.8294
8 22.8183
9 23.7586
10 24.6559
11 25.5146
12 26.3387
13 27.1312
14 27.8948
15 28.6319
16 29.3444
17 30.0341
18 30.7025
19 31.351
20 31.9808
21 32.5929
22 33.1885
23 33.7682
24 34.3331
25 34.8836
26 35.4206
27 35.9446
28 36.4563
29 36.956
30 37.4443
31 37.9216
32 38.3884
33 38.845
34 39.2918
35 39.729
36 40.1571
37 40.5763
38 40.9869
39 41.3891
40 41.7831
41 42.1693
42 42.5478
43 42.9188
44 43.2825
45 43.6391
46 43.9888
47 44.3317
48 44.6681
49 44.9979
50 45.3214
51 45.6388
88 53.8606
89 54.0029
90 54.1416
91 54.2767
92 54.4082
93 54.536
94 54.6604
95 54.7812
96 54.8985
97 55.0123
98 55.1227
99 55.2296
100 55.3331
101 55.4332
102 55.53
103 55.6233
104 55.7133
105 55.8
106 55.8834
107 55.9635
108 56.0402
109 56.1138
110 56.184
111 56.251
112 56.3148
113 56.3753
114 56.4326
115 56.4868
116 56.5377
117 56.5854
118 56.63
119 56.6714
120 56.7096
121 56.7447
122 56.7766
123 56.8053
124 56.831
125 56.8534
126 56.8728
127 56.889
128 56.9021
129 56.9121
130 56.9189
131 56.9226
132 56.9232
133 56.9207
134 56.915
135 56.9062
136 56.8943
137 56.8793
138 56.8611
139 56.8399
140 56.8154
141 56.7878
142 56.7571
143 56.7233
144 56.6862
145 56.6461
146 56.6027
147 56.5562
148 56.5065
149 56.4535
150 56.3974
151 56.3381
152 56.2756
153 56.2098
154 56.1408
155 56.0685
156 55.993
157 55.9141
158 55.832
159 55.7466
160 55.6579
161 55.5658
162 55.4703
163 55.3715
164 55.2693
165 55.1636
166 55.0546
167 54.9421
168 54.8261
169 54.7066
170 54.5836
171 54.4571
172 54.327
173 54.1933
174 54.0559
175 53.915
176 53.7703
177 53.622
178 53.4699
179 53.3141
180 53.1544
181 52.9909
182 52.8236
183 52.6523
184 52.4771
185 52.2979
186 52.1147
187 51.9274
188 51.736
189 51.5404
190 51.3406
191 51.1366
192 50.9283
193 50.7156
194 50.4985
195 50.2769
196 50.0508
197 49.82
198 49.5847
199 49.3446
200 49.0997
201 48.8499
202 48.5952
203 48.3355
204 48.0707
205 47.8007
206 47.5254
207 47.2448
208 46.9586
209 46.667
210 46.3696
211 46.0665
212 45.7575
213 45.4425
214 45.1213
215 44.7939
216 44.4601
217 44.1197
218 43.7726
219 43.4186
220 43.0576
221 42.6894
222 42.3137
223 41.9305
224 41.5394
225 41.1404
226 40.733
227 40.3171
228 39.8924
229 39.4587
230 39.0156
231 38.5628
232 38.0999
233 37.6266
234 37.1425
235 36.6471
236 36.1401
237 35.6208
238 35.0888
239 34.5435
240 33.9842
241 33.4102
242 32.8207
243 32.2149
244 31.5919
245 30.9507
246 30.29
247 29.6085
248 28.9049
249 28.1773
250 27.424
251 26.6428
252 25.831
253 24.9858
254 24.1036
255 23.1802
256 22.2105
257 21.188
258 20.1048
259 18.9505
260 17.711
261 16.3672
262 14.8908