0 13.6453
1 15.2811
2 16.7471
3 18.0847
4 19.3205
5 20.4729
6 21.5554
7 22.578
8 23.5485
9 24.4732
10 25.3569
11 26.2039
12 27.0177
13 27.801
14 28.5566
15 29.2864
16 29.9924
17 30.6762
18 31.3393
19 31.9829
20 32.6083
21 33.2164
22 33.8081
23 34.3844
24 34.946
25 35.4936
26 36.0277
27 36.5491
28 37.0582
29 37.5556
30 38.0417
31 38.5169
32 38.9817
33 39.4364
34 39.8813
35 40.3167
36 40.7431
37 41.1606
38 41.5695
39 41.9701
40 42.3626
41 42.7473
42 43.1243
43 43.4938
44 43.8561
45 44.2112
46 44.5595
47 44.901
84 53.7605
85 53.9156
86 54.0668
87 54.2143
88 54.358
89 54.498
90 54.6343
91 54.767
92 54.896
93 55.0214
94 55.1431
95 55.2614
96 55.3761
97 55.4872
98 55.5949
99 55.6991
100 55.7998
101 55.8971
102 55.9909
103 56.0814
104 56.1684
105 56.2521
106 56.3324
107 56.4094
108 56.483
109 56.5534
110 56.6204
111 56.6841
112 56.7446
113 56.8017
114 56.8556
115 56.9063
116 56.9537
117 56.9979
118 57.0388
119 57.0765
120 57.111
121 57.1423
122 57.1704
123 57.1953
124 57.217
125 57.2355
126 57.2508
127 57.2629
128 57.2718
129 57.2776
130 57.2802
131 57.2796
132 57.2758
133 57.2688
134 57.2586
135 57.2453
136 57.2287
137 57.209
138 57.1861
139 57.16
140 57.1307
141 57.0981
142 57.0624
143 57.0234
144 56.9813
145 56.9359
146 56.8872
147 56.8353
148 56.7801
149 56.7217
150 56.66
151 56.595
152 56.5267
153 56.4551
154 56.3802
155 56.3019
156 56.2203
157 56.1353
158 56.047
159 55.9552
160 55.8601
161 55.7615
162 55.6594
163 55.5539
164 55.4449
165 55.3324
166 55.2163
167 55.0967
168 54.9736
169 54.8468
170 54.7164
171 54.5824
172 54.4446
173 54.3032
174 54.158
175 54.0091
176 53.8564
177 53.6998
178 53.5394
179 53.3751
180 53.2069
181 53.0347
182 52.8584
183 52.6782
184 52.4938
185 52.3053
186 52.1126
187 51.9157
188 51.7145
189 51.509
190 51.2992
191 51.0849
192 50.8661
193 50.6427
194 50.4148
195 50.1822
196 49.9448
197 49.7027
198 49.4557
199 49.2037
200 48.9468
201 48.6847
202 48.4174
203 48.1449
204 47.867
205 47.5837
206 47.2948
207 47.0002
208 46.6999
209 46.3938
210 46.0816
211 45.7633
212 45.4388
213 45.1079
214 44.7705
215 44.4264
216 44.0755
217 43.7177
218 43.3526
219 42.9802
220 42.6003
221 42.2127
222 41.8171
223 41.4133
224 41.0011
225 40.5802
226 40.1504
227 39.7114
228 39.2627
229 38.8042
230 38.3355
231 37.8562
232 37.3658
233 36.8639
234 36.3502
235 35.8239
236 35.2847
237 34.7318
238 34.1647
239 33.5825
240 32.9846
241 32.37
242 31.7377
243 31.0867
244 30.4158
245 29.7237
246 29.0087
247 28.2693
248 27.5033
249 26.7086
250 25.8824
251 25.0217
252 24.1228
253 23.1812
254 22.1914
255 21.1468
256 20.0388
257 18.8561
258 17.5837
259 16.2006
260 14.6753