0 12.8628
1 14.6248
2 16.1847
3 17.5963
4 18.8929
5 20.0967
6 21.2235
7 22.2851
8 23.2904
9 24.2463
10 25.1584
11 26.0315
12 26.8692
13 27.6749
14 28.4511
15 29.2004
16 29.9246
17 30.6256
18 31.305
19 31.964
20 32.604
21 33.2261
22 33.8312
23 34.4202
24 34.9939
25 35.5532
26 36.0986
27 36.6307
28 37.1502
29 37.6576
30 38.1534
31 38.6379
32 39.1116
33 39.575
34 40.0283
35 40.4719
36 40.9061
37 41.3313
38 41.7476
39 42.1554
40 42.5549
41 42.9463
42 43.3298
43 43.7057
44 44.0742
81 53.6301
82 53.7988
83 53.9635
84 54.1242
85 54.2811
86 54.434
87 54.5831
88 54.7284
89 54.8698
90 55.0075
91 55.1415
92 55.2718
93 55.3984
94 55.5213
95 55.6406
96 55.7562
97 55.8683
98 55.9768
99 56.0818
100 56.1832
101 56.2812
102 56.3756
103 56.4666
104 56.5541
105 56.6382
106 56.7189
107 56.7961
108 56.87
109 56.9405
110 57.0076
111 57.0713
112 57.1318
113 57.1888
114 57.2426
115 57.293
116 57.3401
117 57.3839
118 57.4245
119 57.4617
120 57.4957
121 57.5264
122 57.5538
123 57.578
124 57.5989
125 57.6166
126 57.631
127 57.6421
128 57.65
129 57.6547
130 57.6561
131 57.6543
132 57.6492
133 57.6409
134 57.6293
135 57.6145
136 57.5964
137 57.5751
138 57.5505
139 57.5227
140 57.4916
141 57.4572
142 57.4195
143 57.3786
144 57.3343
145 57.2868
146 57.2359
147 57.1817
148 57.1242
149 57.0634
150 56.9992
151 56.9317
152 56.8608
153 56.7865
154 56.7088
155 56.6277
156 56.5432
157 56.4552
158 56.3638
159 56.2689
160 56.1705
161 56.0686
162 55.9632
163 55.8542
164 55.7417
165 55.6256
166 55.5058
167 55.3824
168 55.2554
169 55.1247
170 54.9902
171 54.852
172 54.7101
173 54.5643
174 54.4148
175 54.2613
176 54.104
177 53.9427
178 53.7775
179 53.6083
180 53.435
181 53.2577
182 53.0763
183 52.8906
184 52.7008
185 52.5068
186 52.3084
187 52.1057
188 51.8986
189 51.6871
190 51.471
191 51.2504
192 51.0251
193 50.7952
194 50.5606
195 50.3211
196 50.0767
197 49.8274
198 49.5731
199 49.3136
200 49.049
201 48.7791
202 48.5038
203 48.2231
204 47.9369
205 47.645
206 47.3473
207 47.0438
208 46.7343
209 46.4187
210 46.0969
211 45.7688
212 45.4341
213 45.0929
214 44.7448
215 44.3898
216 44.0277
217 43.6583
218 43.2815
219 42.8969
220 42.5045
221 42.104
222 41.6951
223 41.2777
224 40.8514
225 40.416
226 39.9711
227 39.5166
228 39.0519
229 38.5768
230 38.0909
231 37.5937
232 37.0848
233 36.5637
234 36.0299
235 35.4828
236 34.9217
237 34.3461
238 33.7551
239 33.1479
240 32.5236
241 31.8812
242 31.2197
243 30.5376
244 29.8338
245 29.1064
246 28.3539
247 27.574
248 26.7644
249 25.9224
250 25.0446
251 24.1271
252 23.1653
253 22.1533
254 21.084
255 19.948
256 18.7334
257 17.4236
258 15.9953
259 14.4133