0 13.8323
1 15.5108
2 17.0133
3 18.383
4 19.6477
5 20.8265
6 21.9334
7 22.9786
8 23.9703
9 24.9149
10 25.8174
11 26.6823
12 27.513
13 28.3126
14 29.0836
15 29.8282
16 30.5484
17 31.2459
18 31.9221
19 32.5783
20 33.2159
21 33.8357
22 34.4388
23 35.026
24 35.5981
25 36.1559
26 36.7
27 37.2309
28 37.7493
29 38.2556
30 38.7504
31 39.234
32 39.7069
33 40.1694
34 40.6219
35 41.0648
36 41.4983
37 41.9228
38 42.3384
39 42.7455
40 43.1443
41 43.5351
77 53.4648
78 53.6482
79 53.8274
80 54.0024
81 54.1733
82 54.3401
83 54.5029
84 54.6617
85 54.8165
86 54.9674
87 55.1144
88 55.2575
89 55.3967
90 55.5322
91 55.6639
92 55.7918
93 55.916
94 56.0365
95 56.1533
96 56.2664
97 56.3759
98 56.4818
99 56.5841
100 56.6828
101 56.778
102 56.8696
103 56.9577
104 57.0422
105 57.1233
106 57.201
107 57.2751
108 57.3458
109 57.4131
110 57.4769
111 57.5374
112 57.5944
113 57.6481
114 57.6983
115 57.7452
116 57.7887
117 57.8289
118 57.8657
119 57.8992
120 57.9293
121 57.9561
122 57.9796
123 57.9997
124 58.0165
125 58.03
126 58.0402
127 58.0471
128 58.0507
129 58.0509
130 58.0478
131 58.0415
132 58.0318
133 58.0188
134 58.0025
135 57.9828
136 57.9598
137 57.9336
138 57.9039
139 57.871
140 57.8347
141 57.795
142 57.752
143 57.7056
144 57.6559
145 57.6027
146 57.5462
147 57.4863
148 57.423
149 57.3562
150 57.286
151 57.2124
152 57.1353
153 57.0547
154 56.9707
155 56.8831
156 56.792
157 56.6974
158 56.5992
159 56.4975
160 56.3921
161 56.2832
162 56.1706
163 56.0543
164 55.9344
165 55.8108
166 55.6834
167 55.5523
168 55.4174
169 55.2787
170 55.1362
171 54.9898
172 54.8395
173 54.6853
174 54.5271
175 54.3649
176 54.1987
177 54.0284
178 53.8541
179 53.6755
180 53.4928
181 53.3058
182 53.1146
183 52.919
184 52.7191
185 52.5147
186 52.3059
187 52.0925
188 51.8746
189 51.652
190 51.4247
191 51.1926
192 50.9557
193 50.714
194 50.4672
195 50.2154
196 49.9585
197 49.6964
198 49.429
199 49.1563
200 48.878
201 48.5943
202 48.3049
203 48.0097
204 47.7087
205 47.4017
206 47.0887
207 46.7694
208 46.4438
209 46.1118
210 45.7731
211 45.4276
212 45.0753
213 44.7159
214 44.3492
215 43.9751
216 43.5934
217 43.2038
218 42.8063
219 42.4004
220 41.9861
221 41.563
222 41.1309
223 40.6894
224 40.2384
225 39.7774
226 39.3061
227 38.8241
228 38.331
229 37.8265
230 37.3099
231 36.7809
232 36.2389
233 35.6832
234 35.1133
235 34.5284
236 33.9278
237 33.3105
238 32.6758
239 32.0224
240 31.3493
241 30.6551
242 29.9385
243 29.1977
244 28.4308
245 27.6357
246 26.8098
247 25.9503
248 25.0537
249 24.1158
250 23.1316
251 22.0949
252 20.9979
253 19.8307
254 18.5801
255 17.2277
256 15.7476