0 14.7022
1 16.3186
2 17.7775
3 19.1151
4 20.3554
5 21.5151
6 22.6067
7 23.6395
8 24.6211
9 25.5572
10 26.4528
11 27.3118
12 28.1376
13 28.9329
14 29.7004
15 30.442
16 31.1596
17 31.8548
18 32.5291
19 33.1837
20 33.8199
21 34.4385
22 35.0406
23 35.6269
24 36.1983
25 36.7554
26 37.2989
27 37.8294
28 38.3474
29 38.8533
30 39.3478
31 39.8311
32 40.3038
33 40.7661
34 41.2184
35 41.661
36 42.0944
37 42.5186
73 53.2597
74 53.4588
75 53.6536
76 53.844
77 54.03
78 54.2118
79 54.3893
80 54.5626
81 54.7318
82 54.8968
83 55.0577
84 55.2146
85 55.3675
86 55.5164
87 55.6613
88 55.8023
89 55.9395
90 56.0727
91 56.2021
92 56.3277
93 56.4496
94 56.5676
95 56.682
96 56.7926
97 56.8995
98 57.0028
99 57.1024
100 57.1984
101 57.2907
102 57.3795
103 57.4647
104 57.5463
105 57.6243
106 57.6989
107 57.7699
108 57.8374
109 57.9014
110 57.962
111 58.019
112 58.0726
113 58.1227
114 58.1694
115 58.2127
116 58.2525
117 58.2889
118 58.3219
119 58.3515
120 58.3777
121 58.4005
122 58.4199
123 58.4359
124 58.4485
125 58.4577
126 58.4636
127 58.466
128 58.4651
129 58.4608
130 58.4531
131 58.442
132 58.4275
133 58.4097
134 58.3884
135 58.3638
136 58.3357
137 58.3042
138 58.2694
139 58.2311
140 58.1894
141 58.1442
142 58.0956
143 58.0436
144 57.9881
145 57.9291
146 57.8667
147 57.8007
148 57.7313
149 57.6584
150 57.5819
151 57.5019
152 57.4183
153 57.3311
154 57.2404
155 57.1461
156 57.0481
157 56.9465
158 56.8412
159 56.7323
160 56.6196
161 56.5032
162 56.3831
163 56.2592
164 56.1315
165 56.0
166 55.8646
167 55.7253
168 55.5822
169 55.4351
170 55.284
171 55.1289
172 54.9698
173 54.8066
174 54.6393
175 54.4679
176 54.2923
177 54.1124
178 53.9283
179 53.7399
180 53.5471
181 53.3499
182 53.1483
183 52.9421
184 52.7314
185 52.5161
186 52.2961
187 52.0714
188 51.8419
189 51.6076
190 51.3683
191 51.124
192 50.8747
193 50.6202
194 50.3606
195 50.0956
196 49.8252
197 49.5494
198 49.2681
199 48.981
200 48.6882
201 48.3896
202 48.085
203 47.7743
204 47.4574
205 47.1341
206 46.8045
207 46.4682
208 46.1252
209 45.7752
210 45.4183
211 45.0541
212 44.6825
213 44.3034
214 43.9164
215 43.5215
216 43.1184
217 42.7068
218 42.2866
219 41.8574
220 41.419
221 40.971
222 40.5133
223 40.0453
224 39.5669
225 39.0775
226 38.5767
227 38.0642
228 37.5395
229 37.0019
230 36.451
231 35.8861
232 35.3066
233 34.7117
234 34.1006
235 33.4725
236 32.8263
237 32.1611
238 31.4754
239 30.7681
240 30.0375
241 29.282
242 28.4995
243 27.6877
244 26.8441
245 25.9654
246 25.0481
247 24.0877
248 23.0787
249 22.0146
250 20.8869
251 19.6847
252 18.3934
253 16.9927
254 15.4528