0 13.9393
1 15.6694
2 17.2148
3 18.6217
4 19.9192
5 21.1277
6 22.2617
7 23.3319
8 24.3468
9 25.3131
10 26.2361
11 27.1202
12 27.9692
13 28.7861
14 29.5736
15 30.334
16 31.0693
17 31.7812
18 32.4713
19 33.1409
20 33.7912
21 34.4234
22 35.0384
23 35.6371
24 36.2203
25 36.7888
26 37.3432
27 37.8841
28 38.4121
29 38.9278
30 39.4316
31 39.924
32 40.4054
33 40.8761
34 41.3366
71 53.1475
72 53.3584
73 53.5647
74 53.7665
75 53.9637
76 54.1565
77 54.3449
78 54.5289
79 54.7086
80 54.884
81 55.0551
82 55.2221
83 55.3849
84 55.5436
85 55.6982
86 55.8487
87 55.9953
88 56.1378
89 56.2764
90 56.411
91 56.5417
92 56.6686
93 56.7916
94 56.9108
95 57.0262
96 57.1378
97 57.2456
98 57.3498
99 57.4502
100 57.5469
101 57.6399
102 57.7293
103 57.815
104 57.8971
105 57.9756
106 58.0505
107 58.1218
108 58.1896
109 58.2538
110 58.3144
111 58.3716
112 58.4252
113 58.4753
114 58.5218
115 58.5649
116 58.6045
117 58.6406
118 58.6733
119 58.7025
120 58.7282
121 58.7504
122 58.7692
123 58.7846
124 58.7965
125 58.8049
126 58.8099
127 58.8115
128 58.8096
129 58.8043
130 58.7955
131 58.7833
132 58.7676
133 58.7485
134 58.7259
135 58.6999
136 58.6704
137 58.6374
138 58.601
139 58.5611
140 58.5177
141 58.4708
142 58.4203
143 58.3664
144 58.309
145 58.248
146 58.1835
147 58.1154
148 58.0437
149 57.9685
150 57.8897
151 57.8072
152 57.7211
153 57.6314
154 57.5381
155 57.441
156 57.3403
157 57.2358
158 57.1276
159 57.0156
160 56.8999
161 56.7804
162 56.657
163 56.5298
164 56.3987
165 56.2637
166 56.1247
167 55.9818
168 55.8349
169 55.684
170 55.529
171 55.37
172 55.2068
173 55.0394
174 54.8679
175 54.6921
176 54.512
177 54.3276
178 54.1388
179 53.9456
180 53.748
181 53.5458
182 53.3391
183 53.1277
184 52.9117
185 52.6909
186 52.4654
187 52.235
188 51.9997
189 51.7594
190 51.5141
191 51.2636
192 51.008
193 50.747
194 50.4807
195 50.209
196 49.9317
197 49.6488
198 49.3601
199 49.0657
200 48.7653
201 48.4588
202 48.1462
203 47.8274
204 47.5021
205 47.1703
206 46.8318
207 46.4865
208 46.1342
209 45.7748
210 45.408
211 45.0338
212 44.6519
213 44.2622
214 43.8644
215 43.4582
216 43.0436
217 42.6201
218 42.1876
219 41.7458
220 41.2943
221 40.8329
222 40.3612
223 39.8788
224 39.3854
225 38.8805
226 38.3637
227 37.8345
228 37.2923
229 36.7367
230 36.1669
231 35.5822
232 34.9821
233 34.3655
234 33.7317
235 33.0796
236 32.4082
237 31.7161
238 31.0021
239 30.2646
240 29.5017
241 28.7116
242 27.8918
243 27.0397
244 26.1522
245 25.2253
246 24.2548
247 23.2351
248 22.1593
249 21.019
250 19.8029
251 18.4962
252 17.0779
253 15.5176