0 14.492
1 16.2045
2 17.7407
3 19.1431
4 20.4393
5 21.6484
6 22.7841
7 23.8571
8 24.8754
9 25.8455
10 26.7727
11 27.6612
12 28.5146
13 29.3361
14 30.1282
15 30.8932
16 31.6331
17 32.3496
18 33.0442
19 33.7182
20 34.3729
21 35.0094
22 35.6286
23 36.2314
24 36.8187
25 37.3911
26 37.9494
27 38.4941
28 39.0258
29 39.545
30 40.0523
66 52.705
67 52.94
68 53.1699
69 53.395
70 53.6152
71 53.8306
72 54.0412
73 54.2472
74 54.4485
75 54.6452
76 54.8374
77 55.0251
78 55.2084
79 55.3872
80 55.5617
81 55.7319
82 55.8978
83 56.0594
84 56.2169
85 56.3702
86 56.5193
87 56.6644
88 56.8054
89 56.9423
90 57.0752
91 57.2042
92 57.3292
93 57.4503
94 57.5674
95 57.6807
96 57.7901
97 57.8957
98 57.9974
99 58.0954
100 58.1896
101 58.28
102 58.3667
103 58.4497
104 58.5289
105 58.6045
106 58.6764
107 58.7446
108 58.8092
109 58.8701
110 58.9274
111 58.9811
112 59.0312
113 59.0776
114 59.1205
115 59.1598
116 59.1955
117 59.2277
118 59.2563
119 59.2813
120 59.3028
121 59.3207
122 59.335
123 59.3459
124 59.3532
125 59.3569
126 59.3571
127 59.3538
128 59.3469
129 59.3365
130 59.3225
131 59.305
132 59.2839
133 59.2593
134 59.2311
135 59.1994
136 59.1641
137 59.1252
138 59.0827
139 59.0366
140 58.987
141 58.9337
142 58.8768
143 58.8163
144 58.7522
145 58.6844
146 58.6129
147 58.5378
148 58.4589
149 58.3764
150 58.2901
151 58.2001
152 58.1064
153 58.0088
154 57.9075
155 57.8023
156 57.6934
157 57.5805
158 57.4638
159 57.3432
160 57.2187
161 57.0902
162 56.9577
163 56.8212
164 56.6807
165 56.5361
166 56.3874
167 56.2346
168 56.0776
169 55.9165
170 55.751
171 55.5814
172 55.4074
173 55.229
174 55.0463
175 54.8591
176 54.6674
177 54.4712
178 54.2704
179 54.065
180 53.8549
181 53.64
182 53.4204
183 53.1959
184 52.9665
185 52.732
186 52.4926
187 52.248
188 51.9982
189 51.7432
190 51.4828
191 51.217
192 50.9457
193 50.6688
194 50.3862
195 50.0978
196 49.8035
197 49.5032
198 49.1968
199 48.8842
200 48.5652
201 48.2398
202 47.9078
203 47.569
204 47.2234
205 46.8708
206 46.5109
207 46.1437
208 45.7689
209 45.3865
210 44.9961
211 44.5975
212 44.1907
213 43.7752
214 43.3509
215 42.9175
216 42.4748
217 42.0224
218 41.56
219 41.0873
220 40.6039
221 40.1094
222 39.6035
223 39.0857
224 38.5554
225 38.0122
226 37.4555
227 36.8848
228 36.2993
229 35.6982
230 35.0809
231 34.4465
232 33.7939
233 33.1221
234 32.4299
235 31.716
236 30.9789
237 30.2169
238 29.4279
239 28.6099
240 27.7603
241 26.876
242 25.9534
243 24.9885
244 23.976
245 22.9096
246 21.7815
247 20.5814
248 19.296
249 17.907
250 16.3878
251 14.6983