0 19.375
1 22.14
2 24.5718
3 26.7614
4 28.7642
5 30.6167
6 32.3449
7 33.9678
8 35.4997
9 36.952
10 38.3338
11 39.6524
12 40.9139
13 42.1235
14 43.2855
15 44.4036
16 45.4812
17 46.5209
18 47.5253
19 48.4966
20 49.4367
21 50.3475
22 51.2303
23 52.0867
24 52.918
25 53.7253
26 54.5096
27 55.2721
28 56.0134
29 56.7346
30 57.4363
31 58.1192
32 58.784
33 59.4313
34 60.0618
35 60.6758
36 61.2738
37 61.8565
38 62.4241
39 62.9772
40 63.516
41 64.0409
42 64.5523
43 65.0505
44 65.5358
45 66.0084
46 66.4687
47 66.9169
48 67.3533
49 67.778
50 68.1913
51 68.5934
52 68.9845
53 69.3647
54 69.7343
55 70.0935
56 70.4423
57 70.7809
58 71.1096
59 71.4283
60 71.7373
61 72.0367
62 72.3266
63 72.6071
64 72.8783
65 73.1403
66 73.3932
67 73.6372
68 73.8722
69 74.0984
70 74.3159
71 74.5248
72 74.725
73 74.9168
74 75.1001
75 75.275
76 75.4416
77 75.5999
78 75.7499
79 75.8918
80 76.0256
81 76.1513
82 76.269
83 76.3786
84 76.4802
85 76.574
86 76.6598
87 76.7377
88 76.8077
89 76.8699
90 76.9243
91 76.9709
92 77.0097
93 77.0407
94 77.064
95 77.0794
96 77.0872
97 77.0871
98 77.0793
99 77.0638
100 77.0404
101 77.0094
102 76.9705
103 76.9238
104 76.8694
105 76.8071
106 76.7369
107 76.659
108 76.5731
109 76.4793
110 76.3775
111 76.2678
112 76.1501
113 76.0243
114 75.8905
115 75.7485
116 75.5984
117 75.44
118 75.2733
119 75.0983
120 74.9149
121 74.7231
122 74.5228
123 74.3138
124 74.0963
125 73.8699
126 73.6348
127 73.3908
128 73.1377
129 72.8756
130 72.6043
131 72.3238
132 72.0338
133 71.7343
134 71.4252
135 71.1064
136 70.7777
137 70.4389
138 70.09
139 69.7307
140 69.361
141 68.9807
142 68.5895
143 68.1873
144 67.7738
145 67.349
146 66.9126
147 66.4642
148 66.0038
149 65.531
150 65.0456
151 64.5473
152 64.0358
153 63.5107
154 62.9718
155 62.4186
156 61.8508
157 61.268
158 60.6698
159 60.0556
160 59.4251
161 58.7776
162 58.1126
163 57.4294
164 56.7276
165 56.0062
166 55.2647
167 54.502
168 53.7174
169 52.9099
170 52.0784
171 51.2218
172 50.3386
173 49.4276
174 48.4872
175 47.5156
176 46.5108
177 45.4708
178 44.3928
179 43.2743
180 42.1118
181 40.9018
182 39.6397
183 38.3205
184 36.9381
185 35.485
186 33.9523
187 32.3285
188 30.5991
189 28.7452
190 26.7409
191 24.5492