0 15.1806
1 16.857
2 18.3693
3 19.7553
4 21.0399
5 22.2407
6 23.3706
7 24.4395
8 25.455
9 26.4233
10 27.3495
11 28.2376
12 29.0911
13 29.9131
14 30.706
15 31.472
16 32.2131
17 32.931
18 33.6271
19 34.3027
20 34.959
21 35.5972
22 36.2182
23 36.8227
24 37.4117
25 37.9859
26 38.5459
62 52.3408
63 52.5961
64 52.8462
65 53.0909
66 53.3305
67 53.5649
68 53.7943
69 54.0187
70 54.2382
71 54.4528
72 54.6626
73 54.8676
74 55.0679
75 55.2636
76 55.4547
77 55.6412
78 55.8232
79 56.0007
80 56.1738
81 56.3426
82 56.5069
83 56.667
84 56.8228
85 56.9744
86 57.1218
87 57.265
88 57.404
89 57.539
90 57.6699
91 57.7967
92 57.9195
93 58.0383
94 58.1531
95 58.264
96 58.3709
97 58.474
98 58.5731
99 58.6684
100 58.7599
101 58.8475
102 58.9313
103 59.0113
104 59.0875
105 59.16
106 59.2287
107 59.2936
108 59.3549
109 59.4124
110 59.4662
111 59.5163
112 59.5628
113 59.6055
114 59.6446
115 59.68
116 59.7118
117 59.7399
118 59.7644
119 59.7852
120 59.8024
121 59.816
122 59.8259
123 59.8323
124 59.8349
125 59.834
126 59.8294
127 59.8212
128 59.8094
129 59.7939
130 59.7748
131 59.7521
132 59.7257
133 59.6957
134 59.662
135 59.6247
136 59.5837
137 59.539
138 59.4907
139 59.4386
140 59.3829
141 59.3234
142 59.2602
143 59.1933
144 59.1227
145 59.0483
146 58.9701
147 58.8881
148 58.8023
149 58.7127
150 58.6192
151 58.5219
152 58.4208
153 58.3157
154 58.2067
155 58.0938
156 57.9769
157 57.856
158 57.7311
159 57.6021
160 57.4691
161 57.3321
162 57.1908
163 57.0455
164 56.8959
165 56.7421
166 56.5841
167 56.4218
168 56.2551
169 56.0841
170 55.9087
171 55.7289
172 55.5445
173 55.3556
174 55.1622
175 54.9641
176 54.7613
177 54.5538
178 54.3415
179 54.1244
180 53.9024
181 53.6754
182 53.4434
183 53.2063
184 52.964
185 52.7165
186 52.4637
187 52.2055
188 51.9419
189 51.6727
190 51.3979
191 51.1173
192 50.831
193 50.5387
194 50.2404
195 49.936
196 49.6253
197 49.3083
198 48.9848
199 48.6547
200 48.3178
201 47.9741
202 47.6233
203 47.2653
204 46.9
205 46.5271
206 46.1465
207 45.758
208 45.3614
209 44.9565
210 44.543
211 44.1207
212 43.6894
213 43.2488
214 42.7985
215 42.3384
216 41.868
217 41.387
218 40.895
219 40.3917
220 39.8766
221 39.3493
222 38.8091
223 38.2557
224 37.6884
225 37.1066
226 36.5096
227 35.8966
228 35.2668
229 34.6192
230 33.953
231 33.2668
232 32.5596
233 31.8298
234 31.076
235 30.2962
236 29.4884
237 28.6503
238 27.7792
239 26.8717
240 25.9241
241 24.9319
242 23.8894
243 22.7898
244 21.6243
245 20.3817
246 19.0468
247 17.5987
248 16.0067