0 13.9379
1 15.8004
2 17.4525
3 18.9494
4 20.3253
5 21.6035
6 22.8003
7 23.928
8 24.9959
9 26.0114
10 26.9803
11 27.9077
12 28.7974
13 29.6529
14 30.477
15 31.2722
16 32.0407
17 32.7843
18 33.5048
19 34.2035
20 34.8818
21 35.5409
22 36.1817
23 36.8053
60 52.1846
61 52.4566
62 52.723
63 52.9837
64 53.239
65 53.4889
66 53.7334
67 53.9727
68 54.2068
69 54.4357
70 54.6596
71 54.8785
72 55.0925
73 55.3015
74 55.5058
75 55.7052
76 55.8999
77 56.09
78 56.2754
79 56.4563
80 56.6326
81 56.8044
82 56.9717
83 57.1346
84 57.2932
85 57.4474
86 57.5973
87 57.7429
88 57.8843
89 58.0215
90 58.1545
91 58.2833
92 58.4081
93 58.5287
94 58.6452
95 58.7577
96 58.8662
97 58.9706
98 59.0711
99 59.1676
100 59.2602
101 59.3489
102 59.4336
103 59.5145
104 59.5914
105 59.6645
106 59.7338
107 59.7993
108 59.8609
109 59.9187
110 59.9727
111 60.0229
112 60.0694
113 60.1121
114 60.151
115 60.1862
116 60.2176
117 60.2453
118 60.2693
119 60.2895
120 60.306
121 60.3187
122 60.3278
123 60.3331
124 60.3347
125 60.3326
126 60.3268
127 60.3172
128 60.304
129 60.287
130 60.2662
131 60.2418
132 60.2136
133 60.1817
134 60.146
135 60.1066
136 60.0634
137 60.0164
138 59.9657
139 59.9111
140 59.8528
141 59.7907
142 59.7247
143 59.6549
144 59.5813
145 59.5038
146 59.4224
147 59.3372
148 59.248
149 59.1549
150 59.0578
151 58.9568
152 58.8518
153 58.7428
154 58.6298
155 58.5127
156 58.3915
157 58.2662
158 58.1368
159 58.0033
160 57.8655
161 57.7236
162 57.5774
163 57.4269
164 57.2721
165 57.113
166 56.9494
167 56.7815
168 56.6091
169 56.4322
170 56.2507
171 56.0647
172 55.874
173 55.6786
174 55.4785
175 55.2737
176 55.064
177 54.8493
178 54.6298
179 54.4052
180 54.1756
181 53.9408
182 53.7008
183 53.4556
184 53.205
185 52.949
186 52.6874
187 52.4203
188 52.1476
189 51.869
190 51.5846
191 51.2943
192 50.9979
193 50.6953
194 50.3865
195 50.0713
196 49.7496
197 49.4213
198 49.0861
199 48.7441
200 48.395
201 48.0388
202 47.6751
203 47.3039
204 46.925
205 46.5382
206 46.1433
207 45.7401
208 45.3283
209 44.9078
210 44.4783
211 44.0394
212 43.591
213 43.1328
214 42.6643
215 42.1854
216 41.6955
217 41.1944
218 40.6816
219 40.1567
220 39.6192
221 39.0685
222 38.5041
223 37.9254
224 37.3317
225 36.7224
226 36.0965
227 35.4533
228 34.7917
229 34.1107
230 33.4091
231 32.6856
232 31.9387
233 31.1668
234 30.3678
235 29.5396
236 28.6797
237 27.7851
238 26.8525
239 25.8775
240 24.8553
241 23.7799
242 22.6435
243 21.4365
244 20.1463
245 18.7556
246 17.2401
247 15.5635