0 14.5206
1 16.3578
2 17.9956
3 19.4843
4 20.856
5 22.1324
6 23.3292
7 24.458
8 25.5278
9 26.5459
10 27.5178
11 28.4485
12 29.3417
13 30.2008
14 31.0287
15 31.8277
16 32.6001
17 33.3476
18 34.0719
19 34.7745
20 35.4566
56 51.6949
57 51.9912
58 52.2813
59 52.5654
60 52.8436
61 53.116
62 53.3826
63 53.6436
64 53.899
65 54.1489
66 54.3934
67 54.6326
68 54.8665
69 55.0951
70 55.3187
71 55.5371
72 55.7505
73 55.959
74 56.1625
75 56.3612
76 56.5551
77 56.7443
78 56.9287
79 57.1085
80 57.2836
81 57.4542
82 57.6202
83 57.7818
84 57.9389
85 58.0915
86 58.2398
87 58.3837
88 58.5233
89 58.6586
90 58.7897
91 58.9165
92 59.0391
93 59.1575
94 59.2718
95 59.3819
96 59.488
97 59.5899
98 59.6878
99 59.7816
100 59.8714
101 59.9572
102 60.0391
103 60.1169
104 60.1908
105 60.2607
106 60.3267
107 60.3888
108 60.447
109 60.5013
110 60.5517
111 60.5982
112 60.6409
113 60.6797
114 60.7147
115 60.7458
116 60.7731
117 60.7965
118 60.8161
119 60.8319
120 60.8439
121 60.8521
122 60.8564
123 60.8569
124 60.8536
125 60.8465
126 60.8356
127 60.8208
128 60.8023
129 60.7799
130 60.7536
131 60.7236
132 60.6897
133 60.6519
134 60.6103
135 60.5648
136 60.5155
137 60.4623
138 60.4052
139 60.3442
140 60.2792
141 60.2104
142 60.1376
143 60.0608
144 59.9801
145 59.8954
146 59.8067
147 59.7139
148 59.6172
149 59.5163
150 59.4114
151 59.3024
152 59.1893
153 59.072
154 58.9505
155 58.8249
156 58.695
157 58.5609
158 58.4224
159 58.2797
160 58.1326
161 57.9812
162 57.8253
163 57.665
164 57.5002
165 57.3309
166 57.157
167 56.9785
168 56.7953
169 56.6075
170 56.4149
171 56.2175
172 56.0153
173 55.8082
174 55.5962
175 55.3791
176 55.157
177 54.9297
178 54.6973
179 54.4596
180 54.2166
181 53.9681
182 53.7143
183 53.4548
184 53.1897
185 52.9189
186 52.6424
187 52.3599
188 52.0714
189 51.7768
190 51.476
191 51.169
192 50.8555
193 50.5354
194 50.2087
195 49.8752
196 49.5348
197 49.1873
198 48.8326
199 48.4704
200 48.1008
201 47.7234
202 47.338
203 46.9446
204 46.5429
205 46.1326
206 45.7135
207 45.2855
208 44.8482
209 44.4014
210 43.9447
211 43.4779
212 43.0006
213 42.5125
214 42.0132
215 41.5024
216 40.9794
217 40.444
218 39.8956
219 39.3336
220 38.7575
221 38.1666
222 37.5602
223 36.9376
224 36.298
225 35.6403
226 34.9636
227 34.2668
228 33.5486
229 32.8076
230 32.0422
231 31.2507
232 30.431
233 29.5807
234 28.6971
235 27.7771
236 26.8169
237 25.812
238 24.757
239 23.6452
240 22.4682
241 21.215
242 19.8713
243 18.4173
244 16.8244