0 15.033
1 16.8572
2 18.4893
3 19.9766
4 21.3494
5 22.6284
6 23.8287
7 24.9619
8 26.0365
9 27.0596
10 28.0368
11 28.9728
12 29.8714
13 30.7359
14 31.5692
15 32.3735
16 33.1511
52 51.1148
53 51.4379
54 51.7544
55 52.0644
56 52.3679
57 52.6652
58 52.9562
59 53.241
60 53.5199
61 53.7929
62 54.06
63 54.3214
64 54.5771
65 54.8273
66 55.0719
67 55.3111
68 55.5449
69 55.7735
70 55.9968
71 56.2149
72 56.428
73 56.6359
74 56.8389
75 57.037
76 57.2301
77 57.4185
78 57.602
79 57.7808
80 57.9548
81 58.1242
82 58.289
83 58.4492
84 58.6049
85 58.756
86 58.9027
87 59.045
88 59.1828
89 59.3162
90 59.4453
91 59.5701
92 59.6906
93 59.8068
94 59.9188
95 60.0266
96 60.1301
97 60.2295
98 60.3248
99 60.4159
100 60.5029
101 60.5858
102 60.6646
103 60.7393
104 60.81
105 60.8767
106 60.9394
107 60.998
108 61.0526
109 61.1033
110 61.1499
111 61.1926
112 61.2314
113 61.2662
114 61.297
115 61.3239
116 61.3469
117 61.3659
118 61.381
119 61.3922
120 61.3995
121 61.4028
122 61.4022
123 61.3977
124 61.3893
125 61.377
126 61.3607
127 61.3405
128 61.3164
129 61.2883
130 61.2563
131 61.2204
132 61.1805
133 61.1366
134 61.0888
135 61.037
136 60.9811
137 60.9213
138 60.8575
139 60.7897
140 60.7178
141 60.6418
142 60.5618
143 60.4777
144 60.3895
145 60.2972
146 60.2007
147 60.1001
148 59.9953
149 59.8863
150 59.7731
151 59.6556
152 59.5339
153 59.4078
154 59.2774
155 59.1427
156 59.0036
157 58.86
158 58.712
159 58.5596
160 58.4026
161 58.241
162 58.0749
163 57.9041
164 57.7286
165 57.5485
166 57.3635
167 57.1738
168 56.9792
169 56.7797
170 56.5753
171 56.3658
172 56.1513
173 55.9316
174 55.7068
175 55.4767
176 55.2413
177 55.0005
178 54.7542
179 54.5025
180 54.2451
181 53.982
182 53.7132
183 53.4385
184 53.1578
185 52.8712
186 52.5784
187 52.2793
188 51.9739
189 51.662
190 51.3435
191 51.0184
192 50.6864
193 50.3474
194 50.0013
195 49.648
196 49.2873
197 48.9189
198 48.5428
199 48.1588
200 47.7667
201 47.3662
202 46.9572
203 46.5394
204 46.1126
205 45.6766
206 45.231
207 44.7757
208 44.3102
209 43.8343
210 43.3476
211 42.8498
212 42.3404
213 41.8191
214 41.2854
215 40.7387
216 40.1787
217 39.6046
218 39.016
219 38.412
220 37.7921
221 37.1553
222 36.5008
223 35.8277
224 35.1348
225 34.421
226 33.6849
227 32.925
228 32.1397
229 31.3271
230 30.4849
231 29.6107
232 28.7014
233 27.7537
234 26.7635
235 25.7259
236 24.6349
237 23.483
238 22.2608
239 20.956
240 19.5521
241 18.0258
242 16.3431