0 15.4794
1 17.3015
2 18.9359
3 20.4279
4 21.8066
5 23.0924
6 24.3
7 25.4405
8 26.5226
9 27.5533
10 28.538
11 29.4813
12 30.3872
49 50.7828
50 51.1287
51 51.4674
52 51.7991
53 52.1239
54 52.442
55 52.7534
56 53.0582
57 53.3566
58 53.6487
59 53.9346
60 54.2144
61 54.4882
62 54.756
63 55.018
64 55.2742
65 55.5248
66 55.7698
67 56.0092
68 56.2431
69 56.4717
70 56.6949
71 56.9129
72 57.1257
73 57.3333
74 57.5359
75 57.7334
76 57.9259
77 58.1135
78 58.2962
79 58.474
80 58.6471
81 58.8154
82 58.979
83 59.1379
84 59.2922
85 59.4419
86 59.587
87 59.7275
88 59.8636
89 59.9952
90 60.1224
91 60.2451
92 60.3635
93 60.4775
94 60.5871
95 60.6925
96 60.7935
97 60.8903
98 60.9829
99 61.0712
100 61.1553
101 61.2352
102 61.3109
103 61.3825
104 61.4499
105 61.5132
106 61.5724
107 61.6274
108 61.6784
109 61.7252
110 61.768
111 61.8068
112 61.8414
113 61.872
114 61.8986
115 61.9211
116 61.9396
117 61.954
118 61.9644
119 61.9708
120 61.9731
121 61.9714
122 61.9657
123 61.9559
124 61.9421
125 61.9243
126 61.9024
127 61.8765
128 61.8466
129 61.8126
130 61.7745
131 61.7324
132 61.6861
133 61.6358
134 61.5814
135 61.5229
136 61.4603
137 61.3935
138 61.3226
139 61.2476
140 61.1683
141 61.0849
142 60.9973
143 60.9054
144 60.8093
145 60.7089
146 60.6043
147 60.4953
148 60.382
149 60.2643
150 60.1423
151 60.0158
152 59.8849
153 59.7496
154 59.6097
155 59.4654
156 59.3164
157 59.1629
158 59.0047
159 58.8419
160 58.6743
161 58.502
162 58.3249
163 58.143
164 57.9562
165 57.7645
166 57.5678
167 57.366
168 57.1592
169 56.9473
170 56.7301
171 56.5077
172 56.28
173 56.0469
174 55.8084
175 55.5643
176 55.3147
177 55.0594
178 54.7983
179 54.5314
180 54.2586
181 53.9798
182 53.6948
183 53.4037
184 53.1063
185 52.8025
186 52.4922
187 52.1752
188 51.8515
189 51.5209
190 51.1833
191 50.8385
192 50.4865
193 50.1269
194 49.7598
195 49.3849
196 49.002
197 48.611
198 48.2116
199 47.8036
200 47.3869
201 46.9612
202 46.5261
203 46.0816
204 45.6273
205 45.1628
206 44.688
207 44.2024
208 43.7057
209 43.1975
210 42.6774
211 42.1449
212 41.5997
213 41.0411
214 40.4686
215 39.8817
216 39.2796
217 38.6617
218 38.0272
219 37.3753
220 36.7049
221 36.0152
222 35.3049
223 34.5728
224 33.8175
225 33.0374
226 32.2306
227 31.3952
228 30.5287
229 29.6285
230 28.6914
231 27.7136
232 26.6907
233 25.6172
234 24.4865
235 23.2903
236 22.0179
237 20.6552
238 19.183
239 17.5738
240 15.7858