0 15.8626
1 17.6924
2 19.3365
3 20.839
4 22.2285
5 23.5251
6 24.7434
7 25.8945
8 26.9869
9 28.0275
45 50.0087
46 50.3877
47 50.7588
48 51.122
49 51.4777
50 51.8259
51 52.1668
52 52.5006
53 52.8273
54 53.1472
55 53.4603
56 53.7667
57 54.0666
58 54.3601
59 54.6472
60 54.9282
61 55.203
62 55.4717
63 55.7345
64 55.9915
65 56.2426
66 56.4881
67 56.7279
68 56.9621
69 57.1909
70 57.4142
71 57.6321
72 57.8448
73 58.0522
74 58.2544
75 58.4514
76 58.6434
77 58.8304
78 59.0123
79 59.1893
80 59.3614
81 59.5287
82 59.6911
83 59.8488
84 60.0017
85 60.1499
86 60.2935
87 60.4324
88 60.5667
89 60.6965
90 60.8217
91 60.9424
92 61.0586
93 61.1703
94 61.2776
95 61.3805
96 61.479
97 61.5731
98 61.6629
99 61.7483
100 61.8294
101 61.9063
102 61.9788
103 62.0471
104 62.1111
105 62.1709
106 62.2264
107 62.2778
108 62.3249
109 62.3679
110 62.4066
111 62.4412
112 62.4716
113 62.4978
114 62.5199
115 62.5378
116 62.5516
117 62.5612
118 62.5667
119 62.568
120 62.5652
121 62.5582
122 62.5471
123 62.5318
124 62.5124
125 62.4888
126 62.461
127 62.4291
128 62.393
129 62.3528
130 62.3083
131 62.2596
132 62.2067
133 62.1497
134 62.0883
135 62.0228
136 61.9529
137 61.8788
138 61.8005
139 61.7178
140 61.6308
141 61.5394
142 61.4437
143 61.3436
144 61.2391
145 61.1302
146 61.0169
147 60.899
148 60.7767
149 60.6499
150 60.5184
151 60.3825
152 60.2419
153 60.0966
154 59.9467
155 59.792
156 59.6327
157 59.4685
158 59.2995
159 59.1256
160 58.9468
161 58.763
162 58.5742
163 58.3804
164 58.1815
165 57.9774
166 57.7681
167 57.5536
168 57.3337
169 57.1084
170 56.8776
171 56.6414
172 56.3995
173 56.152
174 55.8988
175 55.6397
176 55.3748
177 55.1038
178 54.8268
179 54.5436
180 54.2542
181 53.9584
182 53.6561
183 53.3473
184 53.0318
185 52.7094
186 52.3801
187 52.0438
188 51.7002
189 51.3493
190 50.9909
191 50.6249
192 50.251
193 49.869
194 49.479
195 49.0805
196 48.6734
197 48.2575
198 47.8326
199 47.3984
200 46.9546
201 46.5011
202 46.0374
203 45.5633
204 45.0785
205 44.5826
206 44.0752
207 43.556
208 43.0245
209 42.4802
210 41.9226
211 41.3513
212 40.7656
213 40.1649
214 39.5485
215 38.9157
216 38.2656
217 37.5974
218 36.9101
219 36.2026
220 35.4737
221 34.722
222 33.946
223 33.144
224 32.3141
225 31.4541
226 30.5614
227 29.633
228 28.6656
229 27.655
230 26.5963
231 25.4834
232 24.3091
233 23.0638
234 21.7353
235 20.3074
236 18.7574
237 17.052