0 16.1834
1 18.0306
2 19.6916
3 21.2104
4 22.6154
5 23.9269
41 49.0954
42 49.5119
43 49.9194
44 50.3183
45 50.7088
46 51.091
47 51.4651
48 51.8312
49 52.1897
50 52.5406
51 52.884
52 53.2201
53 53.5491
54 53.8711
55 54.1862
56 54.4945
57 54.7961
58 55.0912
59 55.3799
60 55.6622
61 55.9382
62 56.2081
63 56.472
64 56.7298
65 56.9817
66 57.2279
67 57.4682
68 57.7029
69 57.932
70 58.1555
71 58.3736
72 58.5862
73 58.7935
74 58.9954
75 59.1922
76 59.3837
77 59.5701
78 59.7513
79 59.9276
80 60.0988
81 60.265
82 60.4264
83 60.5828
84 60.7344
85 60.8812
86 61.0232
87 61.1605
88 61.293
89 61.4209
90 61.5441
91 61.6627
92 61.7767
93 61.8862
94 61.9911
95 62.0914
96 62.1873
97 62.2787
98 62.3656
99 62.4481
100 62.5261
101 62.5997
102 62.669
103 62.7339
104 62.7944
105 62.8505
106 62.9023
107 62.9498
108 62.9929
109 63.0318
110 63.0663
111 63.0966
112 63.1225
113 63.1442
114 63.1616
115 63.1747
116 63.1835
117 63.1881
118 63.1884
119 63.1844
120 63.1762
121 63.1636
122 63.1468
123 63.1257
124 63.1004
125 63.0707
126 63.0368
127 62.9985
128 62.9559
129 62.909
130 62.8578
131 62.8023
132 62.7424
133 62.6781
134 62.6094
135 62.5364
136 62.459
137 62.3771
138 62.2908
139 62.2
140 62.1048
141 62.005
142 61.9008
143 61.7919
144 61.6786
145 61.5606
146 61.438
147 61.3108
148 61.1788
149 61.0422
150 60.9009
151 60.7547
152 60.6038
153 60.448
154 60.2873
155 60.1218
156 59.9512
157 59.7757
158 59.5951
159 59.4094
160 59.2186
161 59.0226
162 58.8213
163 58.6148
164 58.4029
165 58.1856
166 57.9628
167 57.7345
168 57.5006
169 57.261
170 57.0157
171 56.7645
172 56.5075
173 56.2445
174 55.9754
175 55.7002
176 55.4188
177 55.131
178 54.8368
179 54.536
180 54.2286
181 53.9145
182 53.5935
183 53.2654
184 52.9303
185 52.5879
186 52.238
187 51.8806
188 51.5155
189 51.1425
190 50.7614
191 50.3721
192 49.9744
193 49.568
194 49.1528
195 48.7285
196 48.2949
197 47.8517
198 47.3987
199 46.9355
200 46.462
201 45.9776
202 45.4822
203 44.9754
204 44.4567
205 43.9257
206 43.382
207 42.8251
208 42.2544
209 41.6695
210 41.0697
211 40.4543
212 39.8227
213 39.1739
214 38.5073
215 37.8217
216 37.1162
217 36.3896
218 35.6407
219 34.8679
220 34.0697
221 33.2442
222 32.3894
223 31.5028
224 30.5817
225 29.6228
226 28.6225
227 27.5761
228 26.4782
229 25.3221
230 24.0995
231 22.7995
232 21.4083
233 19.9065
234 18.267
235 16.4487