0 16.4419
1 18.3158
2 20.0009
38 48.4771
39 48.9264
40 49.3659
41 49.7959
42 50.2166
43 50.6283
44 51.0311
45 51.4253
46 51.8111
47 52.1887
48 52.5582
49 52.9198
50 53.2736
51 53.6199
52 53.9588
53 54.2904
54 54.6148
55 54.9321
56 55.2426
57 55.5463
58 55.8432
59 56.1336
60 56.4176
61 56.6951
62 56.9663
63 57.2314
64 57.4903
65 57.7432
66 57.9902
67 58.2313
68 58.4666
69 58.6961
70 58.92
71 59.1383
72 59.351
73 59.5583
74 59.7601
75 59.9566
76 60.1478
77 60.3337
78 60.5143
79 60.6898
80 60.8602
81 61.0255
82 61.1858
83 61.341
84 61.4913
85 61.6367
86 61.7771
87 61.9127
88 62.0435
89 62.1695
90 62.2907
91 62.4072
92 62.519
93 62.626
94 62.7284
95 62.8262
96 62.9193
97 63.0079
98 63.0919
99 63.1713
100 63.2461
101 63.3164
102 63.3823
103 63.4436
104 63.5004
105 63.5528
106 63.6007
107 63.6441
108 63.6831
109 63.7176
110 63.7478
111 63.7735
112 63.7948
113 63.8116
114 63.8241
115 63.8322
116 63.8358
117 63.8351
118 63.8299
119 63.8204
120 63.8064
121 63.788
122 63.7652
123 63.738
124 63.7064
125 63.6703
126 63.6298
127 63.5848
128 63.5354
129 63.4816
130 63.4232
131 63.3603
132 63.293
133 63.2211
134 63.1447
135 63.0638
136 62.9782
137 62.8881
138 62.7934
139 62.6941
140 62.5901
141 62.4814
142 62.368
143 62.25
144 62.1271
145 61.9995
146 61.8671
147 61.7298
148 61.5877
149 61.4407
150 61.2887
151 61.1317
152 60.9698
153 60.8028
154 60.6306
155 60.4534
156 60.2709
157 60.0833
158 59.8903
159 59.692
160 59.4883
161 59.2792
162 59.0646
163 58.8444
164 58.6186
165 58.3871
166 58.1498
167 57.9068
168 57.6578
169 57.4028
170 57.1418
171 56.8746
172 56.6013
173 56.3216
174 56.0354
175 55.7428
176 55.4436
177 55.1376
178 54.8248
179 54.5051
180 54.1782
181 53.8442
182 53.5028
183 53.154
184 52.7975
185 52.4332
186 52.061
187 51.6807
188 51.292
189 50.8949
190 50.4891
191 50.0743
192 49.6505
193 49.2173
194 48.7745
195 48.3218
196 47.8589
197 47.3856
198 46.9015
199 46.4063
200 45.8997
201 45.3812
202 44.8504
203 44.307
204 43.7503
205 43.18
206 42.5954
207 41.996
208 41.3812
209 40.7501
210 40.1022
211 39.4364
212 38.752
213 38.0479
214 37.3229
215 36.576
216 35.8055
217 35.0102
218 34.188
219 33.3372
220 32.4555
221 31.5402
222 30.5883
223 29.5964
224 28.5602
225 27.4747
226 26.3339
227 25.1301
228 23.854
229 22.4931
230 21.031
231 19.4449
232 17.7015