34 47.2535
35 47.751
36 48.2374
37 48.7128
38 49.1777
39 49.6324
40 50.0771
41 50.512
42 50.9375
43 51.3537
44 51.761
45 52.1594
46 52.5492
47 52.9307
48 53.3039
49 53.669
50 54.0262
51 54.3757
52 54.7176
53 55.0521
54 55.3793
55 55.6992
56 56.0121
57 56.3181
58 56.6172
59 56.9096
60 57.1954
61 57.4746
62 57.7474
63 58.0139
64 58.2742
65 58.5282
66 58.7762
67 59.0182
68 59.2542
69 59.4844
70 59.7088
71 59.9274
72 60.1404
73 60.3478
74 60.5496
75 60.7459
76 60.9368
77 61.1222
78 61.3024
79 61.4772
80 61.6468
81 61.8111
82 61.9704
83 62.1244
84 62.2734
85 62.4173
86 62.5563
87 62.6902
88 62.8192
89 62.9432
90 63.0624
91 63.1767
92 63.2861
93 63.3908
94 63.4906
95 63.5857
96 63.676
97 63.7616
98 63.8425
99 63.9188
100 63.9903
101 64.0572
102 64.1194
103 64.177
104 64.23
105 64.2784
106 64.3222
107 64.3614
108 64.396
109 64.4261
110 64.4516
111 64.4725
112 64.4889
113 64.5007
114 64.508
115 64.5108
116 64.509
117 64.5026
118 64.4917
119 64.4763
120 64.4563
121 64.4317
122 64.4026
123 64.3689
124 64.3306
125 64.2878
126 64.2403
127 64.1883
128 64.1316
129 64.0703
130 64.0044
131 63.9338
132 63.8586
133 63.7787
134 63.694
135 63.6047
136 63.5106
137 63.4117
138 63.308
139 63.1996
140 63.0863
141 62.9681
142 62.8451
143 62.7171
144 62.5842
145 62.4463
146 62.3034
147 62.1555
148 62.0024
149 61.8443
150 61.681
151 61.5125
152 61.3387
153 61.1597
154 60.9753
155 60.7856
156 60.5904
157 60.3897
158 60.1835
159 59.9717
160 59.7542
161 59.531
162 59.302
163 59.0672
164 58.8265
165 58.5797
166 58.3269
167 58.0679
168 57.8027
169 57.5312
170 57.2533
171 56.9689
172 56.6778
173 56.3801
174 56.0756
175 55.7641
176 55.4456
177 55.1199
178 54.787
179 54.4466
180 54.0987
181 53.7431
182 53.3796
183 53.008
184 52.6283
185 52.2402
186 51.8436
187 51.4382
188 51.0238
189 50.6002
190 50.1672
191 49.7246
192 49.272
193 48.8092
194 48.336
195 47.8519
196 47.3566
197 46.8499
198 46.3314
199 45.8005
200 45.2569
201 44.7002
202 44.1298
203 43.5452
204 42.9458
205 42.331
206 41.7002
207 41.0524
208 40.3871
209 39.7032
210 38.9998
211 38.2758
212 37.53
213 36.7612
214 35.9677
215 35.1481
216 34.3003
217 33.4222
218 32.5114
219 31.5651
220 30.5799
221 29.552
222 28.4767
223 27.3485
224 26.1604
225 24.904
226 23.5684
227 22.1391
228 20.5967
229 18.9135
230 17.0479