31 46.3573
32 46.8984
33 47.4268
34 47.9431
35 48.4475
36 48.9404
37 49.4223
38 49.8933
39 50.3539
40 50.8043
41 51.2447
42 51.6755
43 52.0968
44 52.5089
45 52.912
46 53.3063
47 53.692
48 54.0693
49 54.4384
50 54.7994
51 55.1524
52 55.4978
53 55.8354
54 56.1657
55 56.4885
56 56.8042
57 57.1127
58 57.4142
59 57.7089
60 57.9968
61 58.278
62 58.5526
63 58.8207
64 59.0825
65 59.3379
66 59.5871
67 59.8301
68 60.067
69 60.298
70 60.523
71 60.7421
72 60.9554
73 61.163
74 61.3649
75 61.5611
76 61.7518
77 61.9369
78 62.1165
79 62.2907
80 62.4596
81 62.623
82 62.7812
83 62.9341
84 63.0818
85 63.2243
86 63.3616
87 63.4939
88 63.621
89 63.7431
90 63.8601
91 63.9722
92 64.0793
93 64.1814
94 64.2786
95 64.3709
96 64.4583
97 64.5408
98 64.6185
99 64.6914
100 64.7595
101 64.8228
102 64.8813
103 64.935
104 64.984
105 65.0282
106 65.0677
107 65.1024
108 65.1325
109 65.1578
110 65.1784
111 65.1943
112 65.2055
113 65.212
114 65.2139
115 65.211
116 65.2034
117 65.1911
118 65.1742
119 65.1525
120 65.1261
121 65.095
122 65.0592
123 65.0186
124 64.9734
125 64.9233
126 64.8685
127 64.809
128 64.7446
129 64.6755
130 64.6015
131 64.5227
132 64.4391
133 64.3505
134 64.2571
135 64.1588
136 64.0556
137 63.9474
138 63.8342
139 63.7161
140 63.5929
141 63.4646
142 63.3312
143 63.1927
144 63.049
145 62.9002
146 62.7461
147 62.5867
148 62.4221
149 62.252
150 62.0766
151 61.8957
152 61.7094
153 61.5175
154 61.32
155 61.1168
156 60.908
157 60.6933
158 60.4729
159 60.2466
160 60.0143
161 59.776
162 59.5316
163 59.281
164 59.0241
165 58.761
166 58.4914
167 58.2153
168 57.9326
169 57.6432
170 57.347
171 57.0439
172 56.7338
173 56.4165
174 56.092
175 55.7602
176 55.4208
177 55.0737
178 54.7189
179 54.3561
180 53.9852
181 53.606
182 53.2184
183 52.8221
184 52.417
185 52.0028
186 51.5794
187 51.1465
188 50.7038
189 50.2512
190 49.7883
191 49.3148
192 48.8305
193 48.335
194 47.828
195 47.3091
196 46.7778
197 46.2338
198 45.6767
199 45.1059
200 44.5209
201 43.9211
202 43.3059
203 42.6747
204 42.0268
205 41.3613
206 40.6774
207 39.9741
208 39.2504
209 38.5052
210 37.7372
211 36.9449
212 36.1268
213 35.281
214 34.4055
215 33.4981
216 32.5559
217 31.576
218 30.5547
219 29.4876
220 28.3697
221 27.1945
222 25.9545
223 24.6398
224 23.2376
225 21.7311
226 20.0969
227 18.3007