139.6513663803028 -164.096544744
140.65126985959986 -165.990402245
141.6511280034542 -167.830724422
142.6510126003114 -169.591992752
143.6509103354789 -171.338056959
144.65081574409172 -173.034926878
145.65074092024508 -174.669324342
146.65065570324933 -176.235336184
147.6505372897839 -177.77149267
148.65046111933844 -179.229893895
149.65037905049215 -180.656988577
150.65031327725825 -182.017390442
151.6502495853958 -183.322257125
152.65021234337695 -184.571566013
153.6501488023304 -185.764566769
154.65007387026506 -186.901020851
155.65005770238187 -187.980167507
156.6500294567747 -189.002430244
157.65000778694971 -189.966943612
158.6499562562094 -190.873904649
159.6499693868564 -191.72239738
160.64997212190087 -192.512459869
161.65000836884008 -193.243866995
162.6500265240911 -193.916868959
163.65009163714998 -194.53029034
164.650104481676 -195.084395742
165.65025017655208 -195.579565174
166.6503351776287 -196.01496351
167.65059216166725 -196.390467641
168.6507933595465 -196.706465585
169.65100108640166 -196.962190184
170.65132046168145 -197.157993465
171.65172670201068 -197.293904975
172.65230674497485 -197.369709081
173.6530319287612 -197.385335754
174.65412611570517 -197.340822936
175.65564905577133 -197.236141325
176.65836954930495 -197.071372981
177.6632726688635 -196.847042117
178.67571905989124 -196.562216577
179.7496538227525 -196.217510318
180.58067305379055 -195.813491433
181.62187919360673 -195.349248608
182.63111610426805 -194.826028234
183.6351075807402 -194.242899051
184.63734671330872 -193.601123643
185.6386931016839 -192.900279049
186.63969341892195 -192.140211601
187.64041099802725 -191.322039402
188.6409026260859 -190.445582669
189.64128459273473 -189.511052602
190.64157451580755 -188.518788461
191.6419140238967 -187.469055087
192.64209896275776 -186.362212515
193.64219657185055 -185.198580843
194.64232516015088 -183.978678116
195.64241985503315 -182.702838957
196.64246260053764 -181.370996799
197.64249243202195 -179.984092341
198.64250986866907 -178.54244274
199.6425480340615 -177.046297046
200.64253773033684 -175.496181295
201.64252798359425 -173.892889589
202.6425030249543 -172.23607825
203.642478421562 -170.527258544
204.64244288581526 -168.766482812
205.6424001303218 -166.953978353
206.6423560529765 -165.090691752
207.64230379449765 -163.177267761
208.63171637144066 -161.235002804