91.403455256
89.5095977555
87.6692755785
85.9080072483
84.1619430409
82.465073122
80.8306756584
79.2646638164
77.7285073296
76.2701061045
74.843011423
73.4826095578
72.1777428754
70.9284339868
69.7354332311
68.5989791492
67.519832493
66.4975697558
65.5330563881
64.6260953512
63.7776026199
62.9875401306
62.2561330047
61.583131041
60.9697096603
60.4156042585
59.9204348256
59.4850364903
59.1095323591
58.7935344149
58.5378098161
58.3420065346
58.2060950248
58.1302909187
58.1146642465
58.1591770641
58.2638586753
58.4286270192
58.6529578831
58.9377834228
59.2824896821
59.6865085674
60.1507513924
60.6739717662
61.257100949
61.8988763568
62.5997209508
63.3597883991
64.1779605978
65.0544173312
65.9889473982
66.9812115391
68.0309449125
69.1377874848
70.3014191568
71.5213218838
72.7971610434
74.1290032007
75.5159076586
76.9575572602
78.4537029536
80.0038187055
81.6071104107
83.2639217505
84.9727414565
86.7335171885
88.5460216471
90.4093082484
92.322732239
94.2649971958